"GEO_ID","NAME","S2301_C01_001E","S2301_C01_001M","S2301_C01_002E","S2301_C01_002M","S2301_C01_003E","S2301_C01_003M","S2301_C01_004E","S2301_C01_004M","S2301_C01_005E","S2301_C01_005M","S2301_C01_006E","S2301_C01_006M","S2301_C01_007E","S2301_C01_007M","S2301_C01_008E","S2301_C01_008M","S2301_C01_009E","S2301_C01_009M","S2301_C01_010E","S2301_C01_010M","S2301_C01_011E","S2301_C01_011M","S2301_C01_012E","S2301_C01_012M","S2301_C01_013E","S2301_C01_013M","S2301_C01_014E","S2301_C01_014M","S2301_C01_015E","S2301_C01_015M","S2301_C01_016E","S2301_C01_016M","S2301_C01_017E","S2301_C01_017M","S2301_C01_018E","S2301_C01_018M","S2301_C01_019E","S2301_C01_019M","S2301_C01_020E","S2301_C01_020M","S2301_C01_021E","S2301_C01_021M","S2301_C01_022E","S2301_C01_022M","S2301_C01_023E","S2301_C01_023M","S2301_C01_024E","S2301_C01_024M","S2301_C01_025E","S2301_C01_025M","S2301_C01_026E","S2301_C01_026M","S2301_C01_027E","S2301_C01_027M","S2301_C01_028E","S2301_C01_028M","S2301_C01_029E","S2301_C01_029M","S2301_C01_030E","S2301_C01_030M","S2301_C02_001E","S2301_C02_001M","S2301_C02_002E","S2301_C02_002M","S2301_C02_003E","S2301_C02_003M","S2301_C02_004E","S2301_C02_004M","S2301_C02_005E","S2301_C02_005M","S2301_C02_006E","S2301_C02_006M","S2301_C02_007E","S2301_C02_007M","S2301_C02_008E","S2301_C02_008M","S2301_C02_009E","S2301_C02_009M","S2301_C02_010E","S2301_C02_010M","S2301_C02_011E","S2301_C02_011M","S2301_C02_012E","S2301_C02_012M","S2301_C02_013E","S2301_C02_013M","S2301_C02_014E","S2301_C02_014M","S2301_C02_015E","S2301_C02_015M","S2301_C02_016E","S2301_C02_016M","S2301_C02_017E","S2301_C02_017M","S2301_C02_018E","S2301_C02_018M","S2301_C02_019E","S2301_C02_019M","S2301_C02_020E","S2301_C02_020M","S2301_C02_021E","S2301_C02_021M","S2301_C02_022E","S2301_C02_022M","S2301_C02_023E","S2301_C02_023M","S2301_C02_024E","S2301_C02_024M","S2301_C02_025E","S2301_C02_025M","S2301_C02_026E","S2301_C02_026M","S2301_C02_027E","S2301_C02_027M","S2301_C02_028E","S2301_C02_028M","S2301_C02_029E","S2301_C02_029M","S2301_C02_030E","S2301_C02_030M","S2301_C03_001E","S2301_C03_001M","S2301_C03_002E","S2301_C03_002M","S2301_C03_003E","S2301_C03_003M","S2301_C03_004E","S2301_C03_004M","S2301_C03_005E","S2301_C03_005M","S2301_C03_006E","S2301_C03_006M","S2301_C03_007E","S2301_C03_007M","S2301_C03_008E","S2301_C03_008M","S2301_C03_009E","S2301_C03_009M","S2301_C03_010E","S2301_C03_010M","S2301_C03_011E","S2301_C03_011M","S2301_C03_012E","S2301_C03_012M","S2301_C03_013E","S2301_C03_013M","S2301_C03_014E","S2301_C03_014M","S2301_C03_015E","S2301_C03_015M","S2301_C03_016E","S2301_C03_016M","S2301_C03_017E","S2301_C03_017M","S2301_C03_018E","S2301_C03_018M","S2301_C03_019E","S2301_C03_019M","S2301_C03_020E","S2301_C03_020M","S2301_C03_021E","S2301_C03_021M","S2301_C03_022E","S2301_C03_022M","S2301_C03_023E","S2301_C03_023M","S2301_C03_024E","S2301_C03_024M","S2301_C03_025E","S2301_C03_025M","S2301_C03_026E","S2301_C03_026M","S2301_C03_027E","S2301_C03_027M","S2301_C03_028E","S2301_C03_028M","S2301_C03_029E","S2301_C03_029M","S2301_C03_030E","S2301_C03_030M","S2301_C04_001E","S2301_C04_001M","S2301_C04_002E","S2301_C04_002M","S2301_C04_003E","S2301_C04_003M","S2301_C04_004E","S2301_C04_004M","S2301_C04_005E","S2301_C04_005M","S2301_C04_006E","S2301_C04_006M","S2301_C04_007E","S2301_C04_007M","S2301_C04_008E","S2301_C04_008M","S2301_C04_009E","S2301_C04_009M","S2301_C04_010E","S2301_C04_010M","S2301_C04_011E","S2301_C04_011M","S2301_C04_012E","S2301_C04_012M","S2301_C04_013E","S2301_C04_013M","S2301_C04_014E","S2301_C04_014M","S2301_C04_015E","S2301_C04_015M","S2301_C04_016E","S2301_C04_016M","S2301_C04_017E","S2301_C04_017M","S2301_C04_018E","S2301_C04_018M","S2301_C04_019E","S2301_C04_019M","S2301_C04_020E","S2301_C04_020M","S2301_C04_021E","S2301_C04_021M","S2301_C04_022E","S2301_C04_022M","S2301_C04_023E","S2301_C04_023M","S2301_C04_024E","S2301_C04_024M","S2301_C04_025E","S2301_C04_025M","S2301_C04_026E","S2301_C04_026M","S2301_C04_027E","S2301_C04_027M","S2301_C04_028E","S2301_C04_028M","S2301_C04_029E","S2301_C04_029M","S2301_C04_030E","S2301_C04_030M"
"id","Geographic Area Name","Total!!Estimate!!Population 16 years and over","Total!!Margin of Error!!Population 16 years and over","Total!!Estimate!!AGE!!16 to 19 years","Total!!Margin of Error!!AGE!!16 to 19 years","Total!!Estimate!!AGE!!20 to 24 years","Total!!Margin of Error!!AGE!!20 to 24 years","Total!!Estimate!!AGE!!25 to 44 years","Total!!Margin of Error!!AGE!!25 to 44 years","Total!!Estimate!!AGE!!45 to 54 years","Total!!Margin of Error!!AGE!!45 to 54 years","Total!!Estimate!!AGE!!55 to 64 years","Total!!Margin of Error!!AGE!!55 to 64 years","Total!!Estimate!!AGE!!65 to 74 years","Total!!Margin of Error!!AGE!!65 to 74 years","Total!!Estimate!!AGE!!75 years and over","Total!!Margin of Error!!AGE!!75 years and over","Total!!Estimate!!RACE AND HISPANIC OR LATINO ORIGIN!!One race","Total!!Margin of Error!!RACE AND HISPANIC OR LATINO ORIGIN!!One race","Total!!Estimate!!RACE AND HISPANIC OR LATINO ORIGIN!!One race!!White","Total!!Margin of Error!!RACE AND HISPANIC OR LATINO ORIGIN!!One race!!White","Total!!Estimate!!RACE AND HISPANIC OR LATINO ORIGIN!!One race!!Black or African American","Total!!Margin of Error!!RACE AND HISPANIC OR LATINO ORIGIN!!One race!!Black or African American","Total!!Estimate!!RACE AND HISPANIC OR LATINO ORIGIN!!One race!!American Indian and Alaska Native","Total!!Margin of Error!!RACE AND HISPANIC OR LATINO ORIGIN!!One race!!American Indian and Alaska Native","Total!!Estimate!!RACE AND HISPANIC OR LATINO ORIGIN!!One race!!Asian","Total!!Margin of Error!!RACE AND HISPANIC OR LATINO ORIGIN!!One race!!Asian","Total!!Estimate!!RACE AND HISPANIC OR LATINO ORIGIN!!One race!!Native Hawaiian and Other Pacific Islander","Total!!Margin of Error!!RACE AND HISPANIC OR LATINO ORIGIN!!One race!!Native Hawaiian and Other Pacific Islander","Total!!Estimate!!RACE AND HISPANIC OR LATINO ORIGIN!!One race!!Some other race","Total!!Margin of Error!!RACE AND HISPANIC OR LATINO ORIGIN!!One race!!Some other race","Total!!Estimate!!RACE AND HISPANIC OR LATINO ORIGIN!!Two or more races","Total!!Margin of Error!!RACE AND HISPANIC OR LATINO ORIGIN!!Two or more races","Total!!Estimate!!Hispanic or Latino origin (of any race)","Total!!Margin of Error!!Hispanic or Latino origin (of any race)","Total!!Estimate!!White alone, not Hispanic or Latino","Total!!Margin of Error!!White alone, not Hispanic or Latino","Total!!Estimate!!Population 20 to 64 years","Total!!Margin of Error!!Population 20 to 64 years","Total!!Estimate!!SEX!!Male","Total!!Margin of Error!!SEX!!Male","Total!!Estimate!!SEX!!Female","Total!!Margin of Error!!SEX!!Female","Total!!Estimate!!SEX!!Female!!With own children under 6 years","Total!!Margin of Error!!SEX!!Female!!With own children under 6 years","Total!!Estimate!!POVERTY STATUS IN THE PAST 12 MONTHS!!Below poverty level","Total!!Margin of Error!!POVERTY STATUS IN THE PAST 12 MONTHS!!Below poverty level","Total!!Estimate!!DISABILITY STATUS!!With any disability","Total!!Margin of Error!!DISABILITY STATUS!!With any disability","Total!!Estimate!!EDUCATIONAL ATTAINMENT!!Population 25 to 64 years","Total!!Margin of Error!!EDUCATIONAL ATTAINMENT!!Population 25 to 64 years","Total!!Estimate!!EDUCATIONAL ATTAINMENT!!Less than high school graduate","Total!!Margin of Error!!EDUCATIONAL ATTAINMENT!!Less than high school graduate","Total!!Estimate!!EDUCATIONAL ATTAINMENT!!High school graduate (includes equivalency)","Total!!Margin of Error!!EDUCATIONAL ATTAINMENT!!High school graduate (includes equivalency)","Total!!Estimate!!EDUCATIONAL ATTAINMENT!!Some college or associate's degree","Total!!Margin of Error!!EDUCATIONAL ATTAINMENT!!Some college or associate's degree","Total!!Estimate!!EDUCATIONAL ATTAINMENT!!Bachelor's degree or higher","Total!!Margin of Error!!EDUCATIONAL ATTAINMENT!!Bachelor's degree or higher","Total!!Estimate!!PERCENT IMPUTED!!Employment status for population 16 years and over","Total!!Margin of Error!!PERCENT IMPUTED!!Employment status for population 16 years and over","In labor force!!Estimate!!Population 16 years and over","In labor force!!Margin of Error!!Population 16 years and over","In labor force!!Estimate!!AGE!!16 to 19 years","In labor force!!Margin of Error!!AGE!!16 to 19 years","In labor force!!Estimate!!AGE!!20 to 24 years","In labor force!!Margin of Error!!AGE!!20 to 24 years","In labor force!!Estimate!!AGE!!25 to 44 years","In labor force!!Margin of Error!!AGE!!25 to 44 years","In labor force!!Estimate!!AGE!!45 to 54 years","In labor force!!Margin of Error!!AGE!!45 to 54 years","In labor force!!Estimate!!AGE!!55 to 64 years","In labor force!!Margin of Error!!AGE!!55 to 64 years","In labor force!!Estimate!!AGE!!65 to 74 years","In labor force!!Margin of Error!!AGE!!65 to 74 years","In labor force!!Estimate!!AGE!!75 years and over","In labor force!!Margin of Error!!AGE!!75 years and over","In labor force!!Estimate!!RACE AND HISPANIC OR LATINO ORIGIN!!One race","In labor force!!Margin of Error!!RACE AND HISPANIC OR LATINO ORIGIN!!One race","In labor force!!Estimate!!RACE AND HISPANIC OR LATINO ORIGIN!!One race!!White","In labor force!!Margin of Error!!RACE AND HISPANIC OR LATINO ORIGIN!!One race!!White","In labor force!!Estimate!!RACE AND HISPANIC OR LATINO ORIGIN!!One race!!Black or African American","In labor force!!Margin of Error!!RACE AND HISPANIC OR LATINO ORIGIN!!One race!!Black or African American","In labor force!!Estimate!!RACE AND HISPANIC OR LATINO ORIGIN!!One race!!American Indian and Alaska Native","In labor force!!Margin of Error!!RACE AND HISPANIC OR LATINO ORIGIN!!One race!!American Indian and Alaska Native","In labor force!!Estimate!!RACE AND HISPANIC OR LATINO ORIGIN!!One race!!Asian","In labor force!!Margin of Error!!RACE AND HISPANIC OR LATINO ORIGIN!!One race!!Asian","In labor force!!Estimate!!RACE AND HISPANIC OR LATINO ORIGIN!!One race!!Native Hawaiian and Other Pacific Islander","In labor force!!Margin of Error!!RACE AND HISPANIC OR LATINO ORIGIN!!One race!!Native Hawaiian and Other Pacific Islander","In labor force!!Estimate!!RACE AND HISPANIC OR LATINO ORIGIN!!One race!!Some other race","In labor force!!Margin of Error!!RACE AND HISPANIC OR LATINO ORIGIN!!One race!!Some other race","In labor force!!Estimate!!RACE AND HISPANIC OR LATINO ORIGIN!!Two or more races","In labor force!!Margin of Error!!RACE AND HISPANIC OR LATINO ORIGIN!!Two or more races","In labor force!!Estimate!!Hispanic or Latino origin (of any race)","In labor force!!Margin of Error!!Hispanic or Latino origin (of any race)","In labor force!!Estimate!!White alone, not Hispanic or Latino","In labor force!!Margin of Error!!White alone, not Hispanic or Latino","In labor force!!Estimate!!Population 20 to 64 years","In labor force!!Margin of Error!!Population 20 to 64 years","In labor force!!Estimate!!SEX!!Male","In labor force!!Margin of Error!!SEX!!Male","In labor force!!Estimate!!SEX!!Female","In labor force!!Margin of Error!!SEX!!Female","In labor force!!Estimate!!SEX!!Female!!With own children under 6 years","In labor force!!Margin of Error!!SEX!!Female!!With own children under 6 years","In labor force!!Estimate!!POVERTY STATUS IN THE PAST 12 MONTHS!!Below poverty level","In labor force!!Margin of Error!!POVERTY STATUS IN THE PAST 12 MONTHS!!Below poverty level","In labor force!!Estimate!!DISABILITY STATUS!!With any disability","In labor force!!Margin of Error!!DISABILITY STATUS!!With any disability","In labor force!!Estimate!!EDUCATIONAL ATTAINMENT!!Population 25 to 64 years","In labor force!!Margin of Error!!EDUCATIONAL ATTAINMENT!!Population 25 to 64 years","In labor force!!Estimate!!EDUCATIONAL ATTAINMENT!!Less than high school graduate","In labor force!!Margin of Error!!EDUCATIONAL ATTAINMENT!!Less than high school graduate","In labor force!!Estimate!!EDUCATIONAL ATTAINMENT!!High school graduate (includes equivalency)","In labor force!!Margin of Error!!EDUCATIONAL ATTAINMENT!!High school graduate (includes equivalency)","In labor force!!Estimate!!EDUCATIONAL ATTAINMENT!!Some college or associate's degree","In labor force!!Margin of Error!!EDUCATIONAL ATTAINMENT!!Some college or associate's degree","In labor force!!Estimate!!EDUCATIONAL ATTAINMENT!!Bachelor's degree or higher","In labor force!!Margin of Error!!EDUCATIONAL ATTAINMENT!!Bachelor's degree or higher","In labor force!!Estimate!!PERCENT IMPUTED!!Employment status for population 16 years and over","In labor force!!Margin of Error!!PERCENT IMPUTED!!Employment status for population 16 years and over","Employed!!Estimate!!Population 16 years and over","Employed!!Margin of Error!!Population 16 years and over","Employed!!Estimate!!AGE!!16 to 19 years","Employed!!Margin of Error!!AGE!!16 to 19 years","Employed!!Estimate!!AGE!!20 to 24 years","Employed!!Margin of Error!!AGE!!20 to 24 years","Employed!!Estimate!!AGE!!25 to 44 years","Employed!!Margin of Error!!AGE!!25 to 44 years","Employed!!Estimate!!AGE!!45 to 54 years","Employed!!Margin of Error!!AGE!!45 to 54 years","Employed!!Estimate!!AGE!!55 to 64 years","Employed!!Margin of Error!!AGE!!55 to 64 years","Employed!!Estimate!!AGE!!65 to 74 years","Employed!!Margin of Error!!AGE!!65 to 74 years","Employed!!Estimate!!AGE!!75 years and over","Employed!!Margin of Error!!AGE!!75 years and over","Employed!!Estimate!!RACE AND HISPANIC OR LATINO ORIGIN!!One race","Employed!!Margin of Error!!RACE AND HISPANIC OR LATINO ORIGIN!!One race","Employed!!Estimate!!RACE AND HISPANIC OR LATINO ORIGIN!!One race!!White","Employed!!Margin of Error!!RACE AND HISPANIC OR LATINO ORIGIN!!One race!!White","Employed!!Estimate!!RACE AND HISPANIC OR LATINO ORIGIN!!One race!!Black or African American","Employed!!Margin of Error!!RACE AND HISPANIC OR LATINO ORIGIN!!One race!!Black or African American","Employed!!Estimate!!RACE AND HISPANIC OR LATINO ORIGIN!!One race!!American Indian and Alaska Native","Employed!!Margin of Error!!RACE AND HISPANIC OR LATINO ORIGIN!!One race!!American Indian and Alaska Native","Employed!!Estimate!!RACE AND HISPANIC OR LATINO ORIGIN!!One race!!Asian","Employed!!Margin of Error!!RACE AND HISPANIC OR LATINO ORIGIN!!One race!!Asian","Employed!!Estimate!!RACE AND HISPANIC OR LATINO ORIGIN!!One race!!Native Hawaiian and Other Pacific Islander","Employed!!Margin of Error!!RACE AND HISPANIC OR LATINO ORIGIN!!One race!!Native Hawaiian and Other Pacific Islander","Employed!!Estimate!!RACE AND HISPANIC OR LATINO ORIGIN!!One race!!Some other race","Employed!!Margin of Error!!RACE AND HISPANIC OR LATINO ORIGIN!!One race!!Some other race","Employed!!Estimate!!RACE AND HISPANIC OR LATINO ORIGIN!!Two or more races","Employed!!Margin of Error!!RACE AND HISPANIC OR LATINO ORIGIN!!Two or more races","Employed!!Estimate!!Hispanic or Latino origin (of any race)","Employed!!Margin of Error!!Hispanic or Latino origin (of any race)","Employed!!Estimate!!White alone, not Hispanic or Latino","Employed!!Margin of Error!!White alone, not Hispanic or Latino","Employed!!Estimate!!Population 20 to 64 years","Employed!!Margin of Error!!Population 20 to 64 years","Employed!!Estimate!!SEX!!Male","Employed!!Margin of Error!!SEX!!Male","Employed!!Estimate!!SEX!!Female","Employed!!Margin of Error!!SEX!!Female","Employed!!Estimate!!SEX!!Female!!With own children under 6 years","Employed!!Margin of Error!!SEX!!Female!!With own children under 6 years","Employed!!Estimate!!POVERTY STATUS IN THE PAST 12 MONTHS!!Below poverty level","Employed!!Margin of Error!!POVERTY STATUS IN THE PAST 12 MONTHS!!Below poverty level","Employed!!Estimate!!DISABILITY STATUS!!With any disability","Employed!!Margin of Error!!DISABILITY STATUS!!With any disability","Employed!!Estimate!!EDUCATIONAL ATTAINMENT!!Population 25 to 64 years","Employed!!Margin of Error!!EDUCATIONAL ATTAINMENT!!Population 25 to 64 years","Employed!!Estimate!!EDUCATIONAL ATTAINMENT!!Less than high school graduate","Employed!!Margin of Error!!EDUCATIONAL ATTAINMENT!!Less than high school graduate","Employed!!Estimate!!EDUCATIONAL ATTAINMENT!!High school graduate (includes equivalency)","Employed!!Margin of Error!!EDUCATIONAL ATTAINMENT!!High school graduate (includes equivalency)","Employed!!Estimate!!EDUCATIONAL ATTAINMENT!!Some college or associate's degree","Employed!!Margin of Error!!EDUCATIONAL ATTAINMENT!!Some college or associate's degree","Employed!!Estimate!!EDUCATIONAL ATTAINMENT!!Bachelor's degree or higher","Employed!!Margin of Error!!EDUCATIONAL ATTAINMENT!!Bachelor's degree or higher","Employed!!Estimate!!PERCENT IMPUTED!!Employment status for population 16 years and over","Employed!!Margin of Error!!PERCENT IMPUTED!!Employment status for population 16 years and over","Unemployment rate!!Estimate!!Population 16 years and over","Unemployment rate!!Margin of Error!!Population 16 years and over","Unemployment rate!!Estimate!!AGE!!16 to 19 years","Unemployment rate!!Margin of Error!!AGE!!16 to 19 years","Unemployment rate!!Estimate!!AGE!!20 to 24 years","Unemployment rate!!Margin of Error!!AGE!!20 to 24 years","Unemployment rate!!Estimate!!AGE!!25 to 44 years","Unemployment rate!!Margin of Error!!AGE!!25 to 44 years","Unemployment rate!!Estimate!!AGE!!45 to 54 years","Unemployment rate!!Margin of Error!!AGE!!45 to 54 years","Unemployment rate!!Estimate!!AGE!!55 to 64 years","Unemployment rate!!Margin of Error!!AGE!!55 to 64 years","Unemployment rate!!Estimate!!AGE!!65 to 74 years","Unemployment rate!!Margin of Error!!AGE!!65 to 74 years","Unemployment rate!!Estimate!!AGE!!75 years and over","Unemployment rate!!Margin of Error!!AGE!!75 years and over","Unemployment rate!!Estimate!!RACE AND HISPANIC OR LATINO ORIGIN!!One race","Unemployment rate!!Margin of Error!!RACE AND HISPANIC OR LATINO ORIGIN!!One race","Unemployment rate!!Estimate!!RACE AND HISPANIC OR LATINO ORIGIN!!One race!!White","Unemployment rate!!Margin of Error!!RACE AND HISPANIC OR LATINO ORIGIN!!One race!!White","Unemployment rate!!Estimate!!RACE AND HISPANIC OR LATINO ORIGIN!!One race!!Black or African American","Unemployment rate!!Margin of Error!!RACE AND HISPANIC OR LATINO ORIGIN!!One race!!Black or African American","Unemployment rate!!Estimate!!RACE AND HISPANIC OR LATINO ORIGIN!!One race!!American Indian and Alaska Native","Unemployment rate!!Margin of Error!!RACE AND HISPANIC OR LATINO ORIGIN!!One race!!American Indian and Alaska Native","Unemployment rate!!Estimate!!RACE AND HISPANIC OR LATINO ORIGIN!!One race!!Asian","Unemployment rate!!Margin of Error!!RACE AND HISPANIC OR LATINO ORIGIN!!One race!!Asian","Unemployment rate!!Estimate!!RACE AND HISPANIC OR LATINO ORIGIN!!One race!!Native Hawaiian and Other Pacific Islander","Unemployment rate!!Margin of Error!!RACE AND HISPANIC OR LATINO ORIGIN!!One race!!Native Hawaiian and Other Pacific Islander","Unemployment rate!!Estimate!!RACE AND HISPANIC OR LATINO ORIGIN!!One race!!Some other race","Unemployment rate!!Margin of Error!!RACE AND HISPANIC OR LATINO ORIGIN!!One race!!Some other race","Unemployment rate!!Estimate!!RACE AND HISPANIC OR LATINO ORIGIN!!Two or more races","Unemployment rate!!Margin of Error!!RACE AND HISPANIC OR LATINO ORIGIN!!Two or more races","Unemployment rate!!Estimate!!Hispanic or Latino origin (of any race)","Unemployment rate!!Margin of Error!!Hispanic or Latino origin (of any race)","Unemployment rate!!Estimate!!White alone, not Hispanic or Latino","Unemployment rate!!Margin of Error!!White alone, not Hispanic or Latino","Unemployment rate!!Estimate!!Population 20 to 64 years","Unemployment rate!!Margin of Error!!Population 20 to 64 years","Unemployment rate!!Estimate!!SEX!!Male","Unemployment rate!!Margin of Error!!SEX!!Male","Unemployment rate!!Estimate!!SEX!!Female","Unemployment rate!!Margin of Error!!SEX!!Female","Unemployment rate!!Estimate!!SEX!!Female!!With own children under 6 years","Unemployment rate!!Margin of Error!!SEX!!Female!!With own children under 6 years","Unemployment rate!!Estimate!!POVERTY STATUS IN THE PAST 12 MONTHS!!Below poverty level","Unemployment rate!!Margin of Error!!POVERTY STATUS IN THE PAST 12 MONTHS!!Below poverty level","Unemployment rate!!Estimate!!DISABILITY STATUS!!With any disability","Unemployment rate!!Margin of Error!!DISABILITY STATUS!!With any disability","Unemployment rate!!Estimate!!EDUCATIONAL ATTAINMENT!!Population 25 to 64 years","Unemployment rate!!Margin of Error!!EDUCATIONAL ATTAINMENT!!Population 25 to 64 years","Unemployment rate!!Estimate!!EDUCATIONAL ATTAINMENT!!Less than high school graduate","Unemployment rate!!Margin of Error!!EDUCATIONAL ATTAINMENT!!Less than high school graduate","Unemployment rate!!Estimate!!EDUCATIONAL ATTAINMENT!!High school graduate (includes equivalency)","Unemployment rate!!Margin of Error!!EDUCATIONAL ATTAINMENT!!High school graduate (includes equivalency)","Unemployment rate!!Estimate!!EDUCATIONAL ATTAINMENT!!Some college or associate's degree","Unemployment rate!!Margin of Error!!EDUCATIONAL ATTAINMENT!!Some college or associate's degree","Unemployment rate!!Estimate!!EDUCATIONAL ATTAINMENT!!Bachelor's degree or higher","Unemployment rate!!Margin of Error!!EDUCATIONAL ATTAINMENT!!Bachelor's degree or higher","Unemployment rate!!Estimate!!PERCENT IMPUTED!!Employment status for population 16 years and over","Unemployment rate!!Margin of Error!!PERCENT IMPUTED!!Employment status for population 16 years and over"
"1400000US16027020100","Census Tract 201, Canyon County, Idaho","898","128","64","44","99","71","291","91","154","67","119","50","70","36","101","45","879","129","863","130","16","20","0","12","0","12","0","12","0","12","19","29","70","49","804","143","663","131","283","57","380","107","44","27","284","140","200","111","564","129","148","130","136","72","227","63","53","36","2.4","(X)","52.7","10.7","28.1","36.9","96.0","10.4","69.4","23.1","54.5","25.6","62.2","17.9","0.0","35.1","0.0","26.9","53.8","11.0","53.0","11.0","100.0","74.1","-","**","-","**","-","**","-","**","0.0","68.0","78.6","24.4","51.4","11.6","68.6","15.6","80.6","12.1","59.7","18.8","54.5","45.6","51.8","28.5","29.0","23.6","63.8","17.2","25.0","27.3","54.4","24.8","88.1","9.2","92.5","12.2","(X)","(X)","45.9","10.1","0.0","37.0","85.9","23.7","66.0","22.7","52.6","25.9","45.4","19.8","0.0","35.1","0.0","26.9","46.9","10.3","45.9","10.4","100.0","74.1","-","**","-","**","-","**","-","**","0.0","68.0","50.0","34.4","46.3","11.2","62.1","15.3","70.0","14.6","56.3","18.6","54.5","45.6","41.2","24.4","17.5","15.6","58.0","16.3","25.0","27.3","37.5","23.2","83.7","10.2","92.5","12.2","(X)","(X)","12.9","9.6","100.0","69.9","10.5","22.4","5.0","7.4","3.6","7.0","27.0","36.6","-","**","-","**","12.9","9.6","13.3","9.9","0.0","74.1","-","**","-","**","-","**","-","**","-","**","36.4","41.0","9.9","8.3","9.5","8.5","13.2","14.8","5.7","7.6","0.0","60.5","20.4","21.7","39.7","37.9","9.2","9.3","0.0","48.8","31.1","34.1","5.0","7.3","0.0","42.4","(X)","(X)"
"1400000US16027020200","Census Tract 202, Canyon County, Idaho","2954","352","253","129","496","191","1084","197","594","161","259","81","171","65","97","64","2877","376","2442","397","32","47","32","47","0","12","0","12","371","154","77","60","1317","303","1543","223","2433","315","1271","241","1162","158","354","99","1018","250","470","149","1937","261","706","169","681","187","498","132","52","51","2.4","(X)","64.7","6.5","23.3","16.5","84.9","12.3","78.8","8.5","74.4","13.1","48.6","21.9","5.3","8.1","0.0","27.8","65.4","6.3","67.9","7.5","100.0","52.4","100.0","52.4","-","**","-","**","42.9","14.0","39.0","40.1","60.0","10.9","66.6","8.0","75.8","5.7","86.0","6.1","64.5","8.7","63.0","14.8","67.6","9.5","50.6","14.9","73.4","7.1","67.0","12.8","81.6","9.5","70.3","15.5","82.7","19.8","(X)","(X)","52.4","5.9","18.2","13.7","75.4","17.0","67.7","7.7","53.0","12.4","27.4","16.0","5.3","8.1","0.0","27.8","52.8","6.0","55.7","7.3","100.0","52.4","100.0","52.4","-","**","-","**","25.6","10.6","39.0","40.1","46.8","10.3","54.4","8.5","61.4","5.7","66.0","8.5","56.4","8.7","49.7","16.8","50.5","10.6","34.7","15.7","57.8","6.0","49.7","11.2","64.8","10.6","57.2","17.4","82.7","19.8","(X)","(X)","18.9","6.1","22.0","32.1","11.2","12.8","14.1","7.4","28.7","13.4","43.7","17.9","0.0","98.9","-","**","19.2","6.2","18.0","6.1","0.0","52.4","0.0","52.4","-","**","-","**","40.3","20.5","0.0","54.1","22.0","10.6","18.3","7.7","18.9","5.9","23.2","9.0","12.7","7.2","21.1","18.4","25.3","11.7","31.5","18.9","21.2","6.5","25.8","12.1","20.7","11.6","18.6","13.3","0.0","45.2","(X)","(X)"
"1400000US16027020300","Census Tract 203, Canyon County, Idaho","2950","359","271","127","471","153","1033","201","595","119","270","112","185","63","125","60","2882","338","2594","301","83","99","17","21","6","11","0","12","182","158","68","58","748","257","2052","254","2369","302","1226","209","1143","151","236","81","482","151","417","113","1898","274","368","151","612","137","785","168","133","68","3.2","(X)","71.2","5.3","42.4","20.9","86.2","7.6","89.3","6.0","82.2","6.7","55.2","14.5","9.7","11.2","0.0","22.6","70.5","5.4","71.9","5.3","90.4","28.8","0.0","71.9","0.0","100.0","-","**","50.5","16.9","100.0","35.7","74.2","13.2","68.7","5.6","83.0","4.6","85.1","6.5","80.8","6.2","78.0","18.5","75.9","10.4","59.0","11.7","82.2","4.7","77.2","12.9","86.1","7.7","85.1","7.2","60.9","22.0","(X)","(X)","58.7","5.6","7.0","8.7","77.7","7.7","78.7","7.6","66.7","10.3","44.1","13.4","9.7","11.2","0.0","22.6","58.0","5.5","58.7","5.6","90.4","28.8","0.0","71.9","0.0","100.0","-","**","40.7","12.8","88.2","24.2","57.5","13.6","56.9","6.4","71.5","5.4","71.0","8.3","72.2","7.2","62.7","24.6","50.2","11.8","52.0","13.5","70.0","6.1","59.8","14.7","69.4","10.4","78.1","8.1","53.4","21.7","(X)","(X)","17.5","4.6","83.5","19.1","9.9","7.8","11.8","6.4","18.8","10.5","20.1","16.3","0.0","69.9","-","**","17.7","4.5","18.3","4.6","0.0","33.5","-","**","-","**","-","**","19.6","14.0","11.8","24.2","22.5","11.2","17.2","5.6","13.8","4.4","16.6","6.6","10.6","6.9","19.6","24.0","33.9","13.6","11.8","11.3","14.8","5.1","22.5","14.8","19.4","10.7","8.2","5.5","12.3","17.7","(X)","(X)"
"1400000US16027020401","Census Tract 204.01, Canyon County, Idaho","6025","549","430","216","666","190","2767","369","917","221","702","188","307","113","236","98","5734","532","5397","553","33","52","120","111","0","17","25","41","159","193","291","229","1404","439","4389","511","5052","487","2392","332","2660","316","691","170","1130","377","792","253","4386","448","820","256","1366","374","1706","402","494","192","3.5","(X)","61.4","5.2","29.8","23.2","59.2","19.4","73.2","7.1","74.6","10.5","61.0","13.0","7.5","11.9","6.8","10.4","62.6","5.4","62.6","5.7","100.0","51.6","45.0","33.5","-","**","100.0","59.3","61.6","16.4","37.5","19.8","61.4","9.6","62.6","5.9","69.9","5.4","82.9","6.4","58.3","8.0","54.1","16.0","50.2","13.0","38.4","15.9","71.5","5.0","76.3","12.2","66.8","9.4","70.2","9.3","81.4","11.9","(X)","(X)","54.0","4.8","27.2","23.1","52.3","18.8","63.8","7.4","67.5","11.7","55.1","14.7","0.0","10.0","6.8","10.4","55.4","4.9","55.3","5.3","100.0","51.6","33.3","42.8","-","**","100.0","59.3","61.6","16.4","25.1","26.3","55.3","10.0","55.1","5.6","61.7","5.3","74.0","6.9","50.8","7.8","49.5","14.3","28.8","8.9","27.8","14.0","63.2","5.3","64.1","13.2","55.1","8.1","64.0","8.6","81.4","11.9","(X)","(X)","12.1","4.7","8.6","19.2","11.7","11.8","12.9","6.9","9.5","7.8","9.6","12.2","100.0","61.8","0.0","74.1","11.4","4.6","11.7","4.9","0.0","51.6","25.9","39.9","-","**","0.0","59.3","0.0","27.6","33.0","54.8","9.9","11.1","11.9","5.1","11.7","4.5","10.7","6.2","12.9","5.3","8.6","9.2","42.7","16.8","27.6","19.2","11.7","5.1","16.0","12.6","17.6","10.2","8.9","5.8","0.0","7.8","(X)","(X)"
"1400000US16027020402","Census Tract 204.02, Canyon County, Idaho","3773","306","421","185","361","138","1190","205","753","162","326","120","511","130","211","77","3620","311","3309","286","10","21","92","64","52","50","0","17","157","119","153","158","400","181","3079","296","2630","231","1366","171","1264","142","281","114","445","192","440","145","2269","220","242","128","735","187","1023","211","269","139","5.0","(X)","58.3","5.0","57.2","16.3","61.5","14.7","80.5","8.5","64.5","12.1","71.2","11.9","11.9","8.0","0.0","14.2","57.6","5.3","56.8","5.2","0.0","93.8","80.4","26.6","100.0","41.1","-","**","50.3","29.2","75.2","12.6","57.5","22.7","56.6","5.4","72.2","5.5","72.2","8.4","72.2","10.0","64.1","23.7","43.4","17.9","42.0","15.1","73.9","6.1","38.4","25.7","78.4","9.3","75.9","9.2","85.9","13.7","(X)","(X)","48.8","5.2","40.1","17.9","46.5","16.8","69.6","10.8","52.9","11.8","66.9","11.6","11.9","8.0","0.0","14.2","47.7","5.6","47.2","5.8","0.0","93.8","37.0","33.8","100.0","41.1","-","**","50.3","29.2","75.2","12.6","48.3","19.1","47.5","5.9","61.3","6.6","57.0","10.2","65.9","10.3","60.5","24.2","14.8","12.8","30.2","13.1","63.6","7.3","38.4","25.7","74.6","10.1","57.8","10.7","78.8","15.0","(X)","(X)","15.0","6.4","29.9","29.8","18.0","19.6","13.6","9.4","15.3","13.1","6.0","8.7","0.0","38.0","-","**","15.8","6.9","15.4","6.9","-","**","54.1","43.0","0.0","41.1","-","**","0.0","32.4","0.0","24.3","16.1","18.0","14.5","6.9","13.6","6.5","18.3","10.3","8.7","7.3","5.6","9.6","65.8","29.0","28.1","23.4","13.0","7.5","0.0","28.7","4.9","7.7","22.2","14.1","8.2","11.6","(X)","(X)"
"1400000US16027020501","Census Tract 205.01, Canyon County, Idaho","2585","241","158","85","125","61","1304","190","409","93","197","86","265","73","127","62","2577","241","2476","257","0","12","93","88","0","12","0","12","8","13","8","14","397","161","2087","293","2035","221","1132","161","903","133","262","107","340","215","258","108","1910","205","386","203","588","196","639","133","297","151","4.6","(X)","65.9","6.1","39.9","28.8","83.2","21.4","81.2","8.0","70.2","19.2","65.0","23.2","18.9","18.0","9.4","13.1","65.8","6.1","65.0","6.6","-","**","83.9","27.6","-","**","-","**","100.0","100.0","100.0","100.0","73.3","19.2","63.5","8.4","77.5","6.5","82.4","9.1","71.4","11.6","52.3","24.7","52.6","17.3","25.2","18.0","77.2","6.6","56.7","16.0","82.0","11.2","79.0","10.9","90.2","10.6","(X)","(X)","60.1","6.9","16.5","16.8","70.4","29.6","76.3","9.1","64.1","19.2","60.9","23.5","18.9","18.0","9.4","13.1","60.0","7.0","58.9","7.5","-","**","83.9","27.6","-","**","-","**","100.0","100.0","100.0","100.0","66.2","15.5","57.7","9.2","72.0","7.9","75.4","10.9","67.8","12.0","52.3","24.7","50.3","16.6","19.4","15.0","72.1","7.7","53.1","16.8","76.7","12.5","70.9","11.4","90.2","10.6","(X)","(X)","8.8","5.5","58.7","40.7","15.4","26.1","6.0","5.8","8.7","10.0","6.3","10.7","0.0","41.9","0.0","85.6","8.8","5.6","9.3","5.8","-","**","0.0","32.7","-","**","-","**","0.0","100.0","0.0","100.0","9.6","13.3","9.2","6.4","7.2","5.3","8.6","7.3","5.1","5.0","0.0","20.9","4.5","8.4","23.1","32.1","6.6","4.8","6.4","10.8","6.4","6.8","10.3","10.5","0.0","11.4","(X)","(X)"
"1400000US16027020503","Census Tract 205.03, Canyon County, Idaho","1958","205","248","129","21","28","561","93","339","133","259","97","224","80","306","92","1929","200","1884","214","34","48","11","19","0","12","0","12","0","12","29","33","202","119","1682","228","1180","159","614","109","566","82","175","56","144","118","264","117","1159","157","97","79","441","145","321","118","300","161","3.8","(X)","56.1","6.9","77.8","15.1","100.0","64.7","71.5","9.5","75.5","19.0","54.1","17.1","31.3","23.0","5.9","9.1","55.5","7.0","55.1","6.8","94.1","28.4","0.0","89.4","-","**","-","**","-","**","100.0","55.1","81.2","18.7","52.0","6.9","69.3","7.7","84.5","12.7","52.8","14.7","37.1","30.5","27.1","20.3","49.2","24.1","68.8","8.0","13.4","22.8","69.8","13.5","77.6","17.6","75.7","12.5","(X)","(X)","48.9","5.6","62.9","19.0","100.0","64.7","60.1","9.5","71.7","19.7","43.2","18.4","31.3","23.0","5.9","9.1","48.1","5.6","47.6","5.4","94.1","28.4","0.0","89.4","-","**","-","**","-","**","100.0","55.1","63.4","20.8","45.7","5.6","60.4","7.9","77.7","14.6","41.7","13.7","37.1","30.5","25.0","19.3","30.7","20.0","59.7","8.1","0.0","27.8","57.8","13.8","68.8","20.2","72.0","12.8","(X)","(X)","12.9","6.5","19.2","19.7","0.0","64.7","16.0","11.4","5.1","8.8","20.0","22.2","0.0","35.1","0.0","69.9","13.3","6.6","13.7","6.8","0.0","52.4","-","**","-","**","-","**","-","**","0.0","55.1","22.0","19.9","12.1","6.4","12.8","7.9","8.1","8.2","21.1","14.7","0.0","36.7","7.7","27.6","37.7","28.1","13.2","8.0","100.0","82.2","17.2","14.0","11.2","13.7","4.8","8.9","(X)","(X)"
"1400000US16027020504","Census Tract 205.04, Canyon County, Idaho","4455","490","507","162","1341","415","1219","205","522","168","448","140","152","65","266","101","4178","461","3969","443","0","17","63","48","32","41","4","8","110","123","277","212","629","213","3471","470","3530","452","1705","320","1825","360","507","139","1307","407","554","220","2189","283","480","219","702","231","718","181","289","124","9.9","(X)","63.9","6.6","47.1","18.7","73.6","15.9","80.9","8.5","66.5","19.1","50.9","16.5","25.7","22.0","7.9","8.3","61.9","6.7","62.7","7.1","-","**","55.6","42.4","31.3","37.6","0.0","100.0","48.2","15.6","93.5","9.2","73.3","15.4","60.6","7.3","72.2","8.0","82.9","7.5","62.2","12.3","66.9","15.3","64.3","13.0","54.7","21.1","71.3","8.3","67.1","19.0","66.4","16.1","76.6","11.7","77.2","19.6","(X)","(X)","53.3","7.1","28.6","19.6","57.6","17.6","71.4","11.5","60.2","18.5","47.5","17.9","25.7","22.0","7.9","8.3","50.6","6.9","51.7","7.4","-","**","42.9","43.5","31.3","37.6","0.0","100.0","26.4","25.0","93.5","9.2","67.1","21.2","48.3","6.9","61.5","8.4","66.6","9.3","56.7","12.1","53.5","18.6","57.0","13.5","45.8","21.9","63.8","9.1","58.1","24.1","55.8","14.4","71.3","11.8","74.0","18.4","(X)","(X)","16.6","6.5","39.3","27.7","21.7","15.6","11.8","8.7","9.5","8.8","6.6","13.6","0.0","47.5","0.0","64.7","18.2","6.7","17.7","7.2","-","**","22.9","47.1","0.0","93.8","-","**","45.3","50.8","0.0","11.8","8.5","12.1","20.2","8.0","14.8","6.4","19.7","8.5","8.8","6.6","20.1","19.3","11.4","8.3","16.2","19.2","10.5","6.7","13.4","17.6","15.9","14.2","6.9","7.9","4.0","7.3","(X)","(X)"
"1400000US16027020601","Census Tract 206.01, Canyon County, Idaho","3452","278","247","120","269","123","1718","173","405","110","364","108","338","74","111","60","3344","308","3051","379","0","17","0","17","91","102","0","17","202","182","108","71","895","258","2403","240","2756","219","1365","181","1391","155","436","110","479","249","223","109","2487","197","313","154","802","227","936","196","436","157","6.2","(X)","72.3","4.6","38.5","29.7","95.5","8.5","86.0","6.9","90.1","9.7","64.6","17.3","16.3","12.4","10.8","16.7","73.0","4.8","72.9","5.3","-","**","-","**","90.1","14.9","-","**","66.3","15.2","50.9","22.6","69.4","6.9","72.9","5.5","84.7","4.8","94.7","4.9","74.8","9.0","67.2","17.5","65.3","17.4","41.7","24.7","83.5","5.3","86.3","13.3","80.5","11.2","84.6","8.4","84.6","9.2","(X)","(X)","62.3","6.8","38.5","29.7","42.8","30.7","76.9","10.2","79.3","12.3","64.6","17.3","14.5","12.1","10.8","16.7","62.8","6.9","64.7","6.3","-","**","-","**","90.1","14.9","-","**","21.8","27.1","46.3","23.9","51.6","16.4","65.3","6.5","72.3","8.0","78.8","12.5","66.0","9.8","58.7","19.6","47.2","23.8","30.0","22.0","75.5","7.7","78.9","19.9","78.1","11.3","71.6","15.7","76.8","11.1","(X)","(X)","13.9","7.5","0.0","28.3","55.3","31.5","10.5","9.4","12.1","9.3","0.0","12.9","10.9","20.0","0.0","85.6","14.0","7.6","11.3","5.5","-","**","-","**","0.0","31.5","-","**","67.2","50.0","9.1","20.6","25.6","23.1","10.4","4.9","14.6","7.9","16.9","12.3","11.8","7.1","12.6","13.9","27.8","31.6","28.0","39.2","9.6","7.0","8.5","14.3","3.1","3.6","15.4","16.1","9.2","8.5","(X)","(X)"
"1400000US16027020602","Census Tract 206.02, Canyon County, Idaho","5441","374","662","227","423","218","1759","255","777","158","741","166","407","137","672","139","5328","394","5137","432","0","17","12","19","0","17","0","17","179","161","113","87","1133","406","4206","397","3700","311","1905","220","1795","231","300","134","768","272","733","213","3277","293","726","267","1000","231","1176","276","375","167","3.6","(X)","60.1","5.4","51.5","19.1","74.0","17.5","73.6","8.0","89.6","8.0","57.0","17.0","31.9","19.0","10.9","8.6","60.1","5.3","58.8","5.4","-","**","0.0","85.6","-","**","-","**","100.0","16.5","61.9","39.9","72.2","14.6","56.9","5.2","73.7","6.3","80.1","8.8","66.9","9.4","21.7","16.5","58.5","17.4","50.2","15.0","73.6","6.5","69.8","16.9","64.6","15.0","83.9","9.1","72.8","16.3","(X)","(X)","52.6","5.8","38.5","20.0","64.1","25.6","66.1","10.2","78.4","12.7","50.5","17.7","29.0","19.1","10.9","8.6","52.9","5.9","51.6","5.7","-","**","0.0","85.6","-","**","-","**","93.9","11.8","38.1","37.5","52.4","16.6","53.2","5.5","65.3","7.0","68.1","9.6","62.3","9.9","15.0","12.9","44.9","11.7","39.2","13.8","65.5","7.3","54.7","13.7","62.2","14.5","74.9","8.2","65.6","18.2","(X)","(X)","12.4","6.9","25.2","32.4","13.4","18.5","10.2","8.1","12.5","13.6","11.4","11.3","9.2","16.5","0.0","34.1","11.9","6.8","12.2","7.3","-","**","-","**","-","**","-","**","6.1","11.8","38.6","48.2","27.4","19.5","6.5","3.9","11.3","5.4","14.9","9.0","6.8","4.9","30.8","34.2","23.2","13.5","22.0","17.5","11.1","5.9","21.7","13.9","3.7","4.5","10.7","8.4","9.9","15.4","(X)","(X)"
"1400000US16027020700","Census Tract 207, Canyon County, Idaho","2790","317","159","72","256","203","856","230","443","137","696","158","228","92","152","74","2569","276","2548","282","0","12","21","33","0","12","0","12","0","12","221","260","417","281","2352","186","2251","308","1136","179","1115","228","164","93","89","71","332","131","1995","237","225","136","606","186","754","161","410","136","2.1","(X)","68.6","6.3","27.7","24.7","100.0","11.9","79.6","7.5","90.3","8.2","66.1","14.1","32.0","16.0","0.0","19.1","65.9","6.9","65.6","6.9","-","**","100.0","64.7","-","**","-","**","-","**","100.0","13.6","89.9","11.0","64.5","7.7","79.8","6.5","88.6","7.3","70.9","11.2","37.8","29.5","89.9","17.6","62.7","16.4","77.2","6.8","74.7","20.9","67.7","11.9","77.5","10.1","92.4","7.1","(X)","(X)","61.7","7.4","27.7","24.7","88.3","12.4","74.2","7.8","81.3","12.1","57.0","18.5","25.9","17.1","0.0","19.1","58.4","7.6","58.0","7.5","-","**","100.0","64.7","-","**","-","**","-","**","100.0","13.6","84.4","16.9","57.3","8.1","71.9","8.2","82.8","8.7","60.7","12.6","23.8","22.4","89.9","17.6","49.7","28.6","69.8","9.0","68.4","21.1","57.6","17.4","71.8","11.2","84.9","10.5","(X)","(X)","9.7","5.0","0.0","44.7","11.7","12.4","5.5","5.8","10.0","11.1","13.7","15.2","19.2","28.7","-","**","10.9","5.3","11.1","5.3","-","**","0.0","64.7","-","**","-","**","-","**","0.0","13.6","6.1","12.0","10.7","5.8","9.5","5.1","5.6","4.7","14.4","9.6","37.1","31.1","0.0","32.1","20.7","29.4","9.1","6.1","8.3","14.8","14.9","16.4","7.4","7.2","5.9","7.6","(X)","(X)"
"1400000US16027020901","Census Tract 209.01, Canyon County, Idaho","9312","615","1001","320","672","219","3719","423","1477","254","1047","213","819","233","577","218","9014","615","8533","459","31","55","13","21","40","66","0","19","397","441","298","182","1597","628","7461","551","6915","509","3298","301","3617","359","799","179","836","308","686","265","6243","495","491","212","1681","355","2337","339","1734","380","4.8","(X)","70.6","4.6","53.9","19.2","80.5","15.4","85.9","4.6","89.3","6.0","73.4","10.4","20.5","14.3","7.6","8.3","70.1","4.8","68.4","4.6","100.0","53.3","100.0","82.2","100.0","46.9","-","**","100.0","7.9","84.9","15.5","79.6","12.2","68.3","4.7","84.2","3.4","95.0","2.8","74.3","5.9","62.8","14.1","62.2","13.1","46.8","22.2","84.6","3.6","58.7","17.8","89.1","5.3","83.5","6.7","89.0","5.8","(X)","(X)","63.8","4.8","40.1","19.2","67.4","13.5","81.7","5.1","83.8","7.1","60.6","10.0","19.2","14.0","2.9","4.8","63.3","5.0","61.5","4.6","100.0","53.3","100.0","82.2","100.0","46.9","-","**","93.7","14.3","78.5","19.1","74.2","11.9","61.2","4.8","77.6","3.6","85.7","4.6","70.2","6.0","62.8","14.1","51.1","11.9","35.3","16.0","78.7","3.7","58.7","17.8","74.7","7.7","80.5","6.9","85.8","6.8","(X)","(X)","9.5","2.6","25.7","21.0","14.8","11.2","4.8","2.9","6.2","4.8","17.4","10.1","6.5","10.3","61.4","61.0","9.6","2.7","10.0","2.7","0.0","53.3","0.0","82.3","0.0","46.9","-","**","6.3","14.3","7.5","12.5","6.8","5.7","10.2","3.0","7.7","2.4","9.6","4.0","5.5","3.0","0.0","6.3","17.9","10.6","24.6","18.2","7.0","2.4","0.0","10.7","16.2","7.4","3.6","2.2","3.6","3.1","(X)","(X)"
"1400000US16027020902","Census Tract 209.02, Canyon County, Idaho","9536","567","567","170","510","191","3815","379","1590","287","1384","258","1073","246","597","208","9507","562","8839","575","11","20","32","41","192","112","67","61","366","189","29","30","1483","396","7790","465","7299","492","3537","272","3762","294","877","180","806","288","769","208","6789","445","756","197","1641","369","2161","353","2231","377","2.8","(X)","67.0","3.4","55.9","19.2","53.5","25.2","84.7","4.8","92.5","4.5","70.9","9.7","10.2","6.0","1.2","3.0","66.9","3.4","66.6","3.7","100.0","89.4","100.0","52.4","58.9","36.7","100.0","36.0","68.6","13.2","96.6","10.5","79.8","7.6","64.5","3.9","81.6","3.7","90.0","4.8","73.7","5.3","62.5","12.3","51.0","15.7","31.2","18.1","83.7","3.5","76.3","13.4","82.3","7.7","82.5","5.5","88.4","4.9","(X)","(X)","61.5","3.7","34.4","18.1","48.2","24.5","80.5","5.4","84.3","8.0","65.8","11.3","8.7","6.1","1.2","3.0","61.4","3.7","61.1","3.8","100.0","89.4","100.0","52.4","58.9","36.7","100.0","36.0","58.2","24.3","96.6","10.5","75.6","10.1","58.5","3.9","76.3","4.3","81.9","5.8","71.0","5.6","62.5","12.3","40.9","12.0","25.1","17.7","78.4","4.3","68.0","16.8","78.8","9.1","74.3","7.2","85.6","5.0","(X)","(X)","8.0","2.7","38.5","27.4","9.9","12.9","4.5","2.9","8.8","6.9","7.1","6.6","14.7","23.7","0.0","100.0","8.0","2.7","8.0","2.6","0.0","89.4","0.0","52.4","0.0","24.6","0.0","36.0","15.1","24.8","0.0","56.0","5.3","6.2","8.9","3.0","6.2","2.7","8.5","4.3","3.7","2.6","0.0","5.8","19.7","11.4","19.6","27.9","6.1","2.7","10.9","11.4","4.2","4.3","9.1","6.2","3.2","2.7","(X)","(X)"
"1400000US16027021001","Census Tract 210.01, Canyon County, Idaho","7943","625","600","212","904","270","3518","405","1201","252","905","229","495","157","320","141","7772","620","7295","599","0","19","76","58","128","80","0","19","273","167","171","138","1954","434","5676","547","6528","527","3303","319","3225","276","1148","261","660","237","733","209","5624","443","658","198","1908","304","2370","427","688","207","4.6","(X)","71.6","4.4","29.2","18.5","89.9","6.9","88.3","4.7","83.5","7.2","53.9","14.9","20.6","12.8","0.0","9.6","72.7","4.2","73.7","4.2","-","**","18.4","27.7","39.8","35.1","-","**","77.7","15.2","21.1","27.2","84.7","6.5","69.7","4.8","82.9","4.0","90.0","4.1","75.5","6.5","73.7","11.0","79.5","10.4","49.8","16.3","81.7","4.6","83.3","12.5","77.3","9.0","84.3","6.0","83.9","10.0","(X)","(X)","63.4","4.3","25.2","15.8","75.0","11.2","80.0","6.2","76.2","9.7","46.4","15.1","12.1","11.5","0.0","9.6","64.4","4.2","65.0","4.3","-","**","13.2","25.5","39.8","35.1","-","**","72.9","13.6","21.1","27.2","72.3","9.2","62.6","4.9","74.0","4.7","80.9","5.1","66.8","7.1","63.7","13.6","55.0","19.6","45.8","16.2","73.8","4.9","79.2","12.7","66.4","11.4","75.4","6.8","83.9","10.0","(X)","(X)","11.4","3.8","13.7","19.8","16.6","10.9","9.3","5.0","8.8","7.7","13.9","14.5","41.2","32.4","-","**","11.5","3.9","11.7","4.1","-","**","28.6","57.2","0.0","41.5","-","**","6.1","9.0","0.0","49.4","14.6","9.0","10.2","3.6","10.7","3.9","10.1","4.0","11.5","6.0","13.6","13.7","30.9","22.9","7.9","9.2","9.7","4.0","4.9","5.5","14.1","10.2","10.6","5.2","0.0","5.5","(X)","(X)"
"1400000US16027021002","Census Tract 210.02, Canyon County, Idaho","6362","540","184","96","453","218","2247","265","986","267","754","203","808","259","930","231","6144","508","5981","511","0","17","43","45","61","63","0","17","59","60","218","222","880","301","5302","465","4440","446","2187","299","2253","214","634","173","573","208","473","158","3987","395","752","297","1261","295","1349","261","625","243","2.6","(X)","60.0","4.0","47.8","28.8","87.4","10.4","88.1","4.5","77.4","9.4","66.4","14.0","7.9","6.2","3.1","4.0","59.6","4.2","59.3","4.3","-","**","97.7","7.5","59.0","48.8","-","**","69.5","45.8","71.6","22.7","80.3","10.4","55.8","4.4","82.0","3.9","91.7","2.7","72.5","7.0","75.6","12.8","61.3","14.5","49.7","19.1","81.3","4.1","77.1","13.4","79.6","8.8","82.8","7.6","86.7","8.7","(X)","(X)","51.7","4.6","33.7","28.7","81.5","8.6","78.6","7.4","59.3","10.2","57.0","13.2","6.1","5.3","3.1","4.0","52.2","4.7","52.4","4.9","-","**","97.7","7.5","59.0","48.8","-","**","0.0","38.6","36.7","29.4","75.7","11.2","48.0","5.0","70.9","4.7","77.0","6.9","65.1","7.1","71.1","14.6","45.2","14.3","26.8","14.5","69.8","5.1","60.2","16.5","69.8","8.8","69.8","8.3","81.1","10.7","(X)","(X)","13.9","4.8","29.5","32.2","6.8","8.1","10.8","6.1","23.3","12.5","14.2","10.6","23.4","36.9","0.0","55.1","12.4","4.8","11.7","4.8","-","**","0.0","45.8","0.0","49.4","-","**","100.0","46.3","48.7","51.3","5.8","6.8","14.0","5.7","13.4","4.9","16.0","8.0","10.3","5.3","5.8","9.0","26.2","19.0","46.0","24.9","14.2","5.4","21.9","19.2","12.4","7.1","15.8","8.0","6.5","7.3","(X)","(X)"
"1400000US16027021100","Census Tract 211, Canyon County, Idaho","10302","662","930","257","942","242","4952","501","1564","252","901","249","733","120","280","124","10015","672","9472","692","39","41","20","26","95","67","13","20","376","171","287","218","1830","371","8195","649","8359","607","4072","404","4287","313","1297","229","958","309","978","336","7417","570","1054","373","1661","326","3230","431","1472","283","5.5","(X)","66.2","4.2","36.7","14.8","60.2","13.9","79.8","5.4","67.4","10.3","71.8","10.7","31.8","11.8","7.9","10.0","66.4","4.2","66.1","4.2","10.3","28.3","70.0","62.9","88.4","23.2","0.0","82.3","75.3","14.9","58.5","16.4","63.3","10.8","66.9","4.6","74.4","4.7","81.5","5.6","67.7","5.6","64.1","9.9","38.2","11.5","33.5","14.7","76.2","5.0","60.3","19.8","74.4","10.5","76.2","5.5","89.7","6.7","(X)","(X)","59.7","4.0","22.9","12.9","55.7","13.3","72.4","5.6","66.0","10.4","67.8","10.5","22.0","10.7","7.9","10.0","59.7","4.0","59.2","4.0","0.0","47.5","70.0","62.9","77.9","28.3","0.0","82.3","75.3","14.9","58.5","16.4","60.2","10.0","59.6","4.4","68.8","4.7","72.2","5.6","65.6","6.0","60.8","10.1","32.8","10.6","26.3","13.3","70.5","5.0","58.3","19.5","67.8","11.4","68.4","5.7","86.8","6.6","(X)","(X)","9.2","2.2","37.5","22.6","7.4","7.5","8.3","3.4","2.1","2.5","5.6","4.7","30.9","21.9","0.0","63.2","9.5","2.3","10.0","2.4","100.0","100.0","0.0","79.3","0.0","33.8","-","**","0.0","10.8","0.0","17.5","5.0","5.4","10.3","2.7","6.9","2.2","10.2","3.7","3.1","2.5","5.3","6.4","14.2","11.6","21.6","19.7","6.8","2.5","3.3","3.9","8.9","6.2","9.6","4.4","1.3","1.5","(X)","(X)"
"1400000US16027021200","Census Tract 212, Canyon County, Idaho","5351","504","433","258","575","233","2062","352","742","168","788","163","436","127","315","131","5276","498","4909","499","0","17","0","17","90","91","0","17","277","249","75","63","1572","430","3637","366","4167","430","1824","228","2343","291","587","163","1085","287","619","196","3592","403","717","234","1361","395","1155","330","359","120","4.7","(X)","65.1","4.3","40.4","22.4","80.2","18.1","86.4","5.4","71.8","12.2","60.8","9.9","11.9","12.5","0.0","9.8","65.6","4.4","65.4","4.6","-","**","-","**","81.1","25.4","-","**","63.9","13.3","28.0","27.5","75.8","9.8","60.7","5.1","78.1","4.5","89.4","5.0","69.4","6.4","73.1","15.4","75.2","10.0","38.6","15.2","77.8","4.8","67.2","11.6","85.5","6.9","74.4","9.9","80.5","17.2","(X)","(X)","55.3","4.8","29.3","21.9","49.2","19.0","74.5","7.6","69.4","12.3","56.3","9.8","11.9","12.5","0.0","9.8","55.6","5.0","55.0","5.3","-","**","-","**","81.1","25.4","-","**","58.8","16.6","28.0","27.5","58.4","12.3","53.8","5.0","66.7","5.7","74.0","8.9","60.9","7.4","61.3","18.4","60.5","11.5","38.6","15.2","69.5","5.3","61.6","12.4","73.8","9.5","65.8","11.5","80.5","17.2","(X)","(X)","15.1","6.8","27.4","27.2","38.6","28.7","13.8","8.1","3.4","5.3","7.3","4.9","0.0","41.1","-","**","15.2","6.8","15.9","7.4","-","**","-","**","0.0","34.1","-","**","7.9","15.6","0.0","64.7","23.0","15.1","11.4","5.2","14.7","7.1","17.2","9.5","12.1","7.9","16.1","16.3","19.6","13.8","0.0","12.7","10.7","5.4","8.3","11.3","13.7","9.5","11.5","7.8","0.0","10.6","(X)","(X)"
"1400000US16027021300","Census Tract 213, Canyon County, Idaho","2421","455","276","189","265","111","1091","253","377","141","206","73","113","41","93","35","2363","444","2220","435","35","35","17","24","9","14","0","12","82","74","58","37","1544","418","790","145","1939","347","1158","267","781","119","233","89","530","208","346","130","1674","288","826","202","615","175","233","80","0","12","3.8","(X)","52.4","5.3","30.4","22.0","41.1","24.7","62.1","11.6","70.6","16.3","48.5","24.8","17.7","16.2","11.8","17.8","53.7","5.5","54.0","5.6","28.6","24.2","47.1","30.0","0.0","98.9","-","**","62.2","41.2","0.0","38.9","62.9","6.3","35.9","9.6","59.5","7.3","60.0","9.6","58.6","9.0","57.9","25.0","58.9","15.6","51.7","16.6","62.4","8.0","64.6","10.9","65.0","13.4","47.2","16.4","-","**","(X)","(X)","48.0","5.5","27.5","20.8","41.1","24.7","54.5","11.7","67.1","16.6","47.1","24.4","17.7","16.2","11.8","17.8","49.1","5.8","50.0","6.0","28.6","24.2","0.0","71.9","0.0","98.9","-","**","51.2","39.3","0.0","38.9","59.7","7.2","29.7","8.3","54.4","7.6","57.1","10.3","50.3","9.5","49.4","24.8","46.6","19.5","46.2","15.9","56.5","8.1","61.3","11.5","54.0","13.3","45.9","16.2","-","**","(X)","(X)","8.4","5.0","9.5","15.8","0.0","25.3","12.2","8.5","4.9","7.4","3.0","6.3","0.0","66.3","0.0","89.4","8.4","5.0","7.5","5.3","0.0","93.8","100.0","100.0","-","**","-","**","17.6","23.5","-","**","5.1","4.8","17.3","12.0","8.6","5.4","4.9","5.3","14.2","10.3","14.8","17.2","20.8","18.7","10.6","16.2","9.5","5.8","5.2","6.0","17.0","12.1","2.7","5.4","-","**","(X)","(X)"
"1400000US16027021500","Census Tract 215, Canyon County, Idaho","4108","377","598","170","944","305","902","191","558","124","367","103","315","104","424","99","4002","386","3700","365","18","27","69","67","85","61","4","9","126","86","106","65","1074","201","2751","357","2771","348","1274","267","1497","245","404","166","951","308","649","202","1827","263","485","155","682","176","388","124","272","80","9.5","(X)","53.5","5.7","52.7","18.5","67.2","16.2","69.1","12.2","62.4","12.6","46.0","15.1","29.5","19.0","3.3","4.6","52.9","5.8","52.6","6.3","0.0","69.9","30.4","30.3","91.8","13.0","0.0","100.0","57.1","36.2","73.6","30.1","71.2","11.6","45.5","7.2","64.0","6.9","67.8","8.8","60.8","10.0","66.8","28.9","60.8","14.7","35.4","15.0","62.4","8.1","58.6","13.3","51.8","15.7","68.8","16.9","86.8","10.0","(X)","(X)","42.7","5.2","32.9","10.1","51.1","13.1","58.0","10.9","52.9","14.2","41.4","14.0","29.5","19.0","3.3","4.6","43.6","5.4","42.9","5.6","0.0","69.9","30.4","30.3","77.6","27.3","0.0","100.0","57.1","36.2","9.4","16.3","52.4","12.4","39.8","6.9","52.4","6.4","56.9","9.7","48.6","8.5","33.9","20.9","46.0","11.9","31.1","14.2","53.1","7.9","48.5","14.7","43.1","14.6","55.9","16.3","82.4","10.7","(X)","(X)","20.0","5.5","37.5","12.7","24.0","14.8","16.1","7.3","15.2","11.2","10.1","11.2","0.0","28.7","0.0","79.3","17.6","5.6","18.5","5.8","-","**","0.0","64.7","15.4","24.8","-","**","0.0","34.4","87.2","25.3","26.4","12.9","12.6","5.5","18.2","6.3","16.1","8.1","20.1","10.7","49.3","24.6","24.4","12.6","12.2","19.1","14.9","6.0","17.3","12.2","16.7","15.6","18.7","11.1","5.1","6.8","(X)","(X)"
"1400000US16027021600","Census Tract 216, Canyon County, Idaho","3343","356","318","136","429","234","874","280","460","146","463","108","433","116","366","113","3321","354","3295","356","0","12","0","12","16","24","0","12","10","15","22","24","887","285","2418","293","2226","350","1167","298","1059","191","293","118","521","295","280","105","1797","313","530","210","506","134","496","116","265","111","5.9","(X)","65.6","5.8","72.6","19.3","97.9","3.6","83.9","7.2","93.5","6.9","58.7","13.0","24.5","11.8","0.0","8.5","65.3","5.8","65.4","5.9","-","**","-","**","100.0","74.1","-","**","0.0","93.8","100.0","63.2","89.7","8.0","56.2","6.5","83.3","5.5","88.9","6.5","77.2","8.5","69.6","20.5","79.8","16.2","66.1","19.9","79.9","6.1","73.6","13.7","85.8","9.4","78.8","10.4","83.0","14.8","(X)","(X)","51.9","5.0","41.8","23.3","64.8","19.6","69.3","8.4","81.5","11.0","52.7","13.5","22.9","11.7","0.0","8.5","51.6","5.0","51.5","5.1","-","**","-","**","100.0","74.1","-","**","0.0","93.8","100.0","63.2","61.9","15.4","47.5","6.1","67.5","6.9","71.7","12.2","62.9","11.2","47.1","22.0","45.5","20.2","55.0","18.9","68.2","5.8","54.5","12.5","73.7","11.8","73.2","10.9","75.5","17.5","(X)","(X)","20.8","8.3","42.4","29.1","33.8","20.3","17.3","9.8","12.8","9.6","10.3","11.3","6.6","11.4","-","**","21.1","8.4","21.2","8.4","-","**","-","**","0.0","74.1","-","**","-","**","0.0","63.2","31.0","18.9","15.5","6.7","19.0","9.1","19.3","14.8","18.6","10.5","32.4","31.1","43.0","27.7","16.8","15.1","14.6","6.4","25.9","16.2","14.1","9.8","7.2","7.6","9.1","13.4","(X)","(X)"
"1400000US16027021700","Census Tract 217, Canyon County, Idaho","7609","566","629","235","509","185","2928","291","1063","215","1283","250","662","126","535","140","7478","544","7009","544","72","79","46","40","90","87","0","19","261","208","131","100","2027","438","5288","534","5783","428","2812","245","2971","253","699","171","848","275","699","273","5274","371","776","259","1979","340","1748","277","771","190","2.6","(X)","69.9","3.7","60.1","17.5","72.9","13.5","87.0","4.8","88.1","8.8","70.6","10.8","25.2","11.9","1.9","3.4","70.3","3.5","70.5","3.7","37.5","33.4","65.2","44.2","13.3","33.1","-","**","94.3","10.1","46.6","36.6","86.4","6.5","65.6","4.6","82.3","3.8","84.7","5.2","80.0","5.1","81.7","12.8","59.9","13.7","47.4","12.5","83.2","3.8","69.5","11.7","89.3","5.3","80.4","7.3","87.7","8.5","(X)","(X)","61.2","3.6","26.2","15.3","54.8","16.7","79.1","5.3","85.1","8.9","64.9","11.2","22.7","11.6","1.9","3.4","61.5","3.5","61.3","3.8","37.5","33.4","65.2","44.2","13.3","33.1","-","**","89.7","13.9","46.6","36.6","75.8","7.3","57.3","4.7","74.9","4.1","77.2","5.5","72.8","5.5","68.0","13.8","46.7","14.7","35.2","9.7","76.9","4.0","58.8","9.9","82.4","7.1","76.0","8.3","82.9","9.5","(X)","(X)","11.5","3.5","56.3","23.7","24.8","17.0","7.2","4.0","3.4","3.7","8.1","7.6","10.2","15.9","0.0","93.8","11.6","3.6","12.2","3.8","0.0","57.1","0.0","54.1","0.0","85.6","-","**","4.9","10.2","0.0","38.0","12.3","6.5","11.4","4.2","8.0","3.0","6.9","3.5","9.0","4.3","16.8","11.0","22.0","15.4","25.7","17.0","6.5","3.0","15.4","10.9","7.7","5.8","2.0","3.1","5.5","6.8","(X)","(X)"
"1400000US16027021800","Census Tract 218, Canyon County, Idaho","4566","382","315","108","279","120","1229","211","1063","183","858","187","520","107","302","94","4504","385","4177","395","0","17","10","17","115","105","0","17","202","128","62","47","648","187","3731","357","3429","333","1603","169","1826","216","342","105","380","147","213","99","3150","287","418","149","794","161","1096","175","842","186","2.8","(X)","64.8","3.7","34.9","18.0","67.7","18.8","80.6","6.2","84.9","9.6","68.5","8.3","22.1","8.0","21.5","11.3","65.2","3.8","64.9","3.8","-","**","100.0","93.8","62.6","20.6","-","**","72.8","24.0","37.1","34.3","69.3","9.7","64.5","4.3","77.9","4.0","92.8","3.7","64.8","6.0","44.2","17.5","53.7","17.2","62.0","15.5","78.8","4.3","61.7","15.2","76.7","8.0","80.3","6.0","87.3","6.6","(X)","(X)","58.5","4.1","21.6","15.9","39.4","18.2","73.3","7.0","80.3","8.9","64.8","8.2","22.1","8.0","21.5","11.3","58.7","4.1","58.7","4.0","-","**","100.0","93.8","62.6","20.6","-","**","55.0","23.2","37.1","34.3","57.3","10.7","58.8","4.4","70.6","4.2","79.0","6.4","63.3","6.0","44.2","17.5","41.8","14.2","55.9","18.6","73.4","4.2","56.9","15.2","68.6","8.2","74.3","7.2","84.8","7.1","(X)","(X)","9.3","3.8","38.2","26.5","41.8","23.9","8.2","5.4","4.5","3.8","5.4","5.4","0.0","24.3","0.0","36.7","9.4","3.8","8.8","3.4","-","**","0.0","93.8","0.0","34.4","-","**","24.5","31.0","0.0","61.8","17.4","14.7","8.2","3.3","8.7","3.8","13.9","6.2","2.4","2.4","0.0","19.2","18.5","13.8","9.8","14.0","6.2","2.8","7.8","10.1","9.2","6.3","6.5","5.0","2.9","3.3","(X)","(X)"
"1400000US16027021901","Census Tract 219.01, Canyon County, Idaho","3467","352","370","147","237","117","1423","214","558","147","506","139","210","88","163","51","3264","372","3152","382","0","17","66","64","35","33","0","17","11","18","203","177","185","126","3050","387","2724","289","1323","165","1401","164","255","93","287","137","347","114","2487","293","222","94","960","220","941","217","364","102","0.9","(X)","68.9","3.9","41.9","10.9","94.1","7.5","81.9","6.4","88.0","7.0","62.5","16.1","18.6","19.8","0.0","18.0","68.7","4.1","69.0","3.9","-","**","48.5","51.5","68.6","45.2","-","**","100.0","89.4","73.4","16.5","70.8","19.0","68.6","3.9","80.6","4.5","83.0","6.3","78.4","6.7","63.9","14.8","60.3","14.7","45.2","15.6","79.3","5.0","86.5","14.8","81.9","7.2","76.2","9.8","76.4","15.5","(X)","(X)","57.1","5.3","11.9","12.6","53.6","27.6","74.1","7.6","77.2","11.1","56.5","16.8","18.6","19.8","0.0","18.0","58.2","5.2","58.4","5.4","-","**","48.5","51.5","42.9","52.1","-","**","100.0","89.4","39.9","14.6","50.3","36.3","57.7","5.3","69.7","5.8","72.6","6.5","66.9","9.0","63.9","14.8","20.9","15.5","34.6","14.4","71.2","5.8","71.2","18.6","70.0","8.9","73.2","10.0","69.2","16.4","(X)","(X)","17.1","5.3","71.6","29.9","43.0","30.7","9.6","6.2","12.2","10.2","9.5","12.1","0.0","47.5","-","**","15.2","5.4","15.3","5.7","-","**","0.0","52.4","37.5","59.8","-","**","0.0","89.4","45.6","25.4","29.0","34.3","15.9","5.8","13.6","5.2","12.5","5.3","14.7","8.2","0.0","18.0","65.3","23.7","23.6","21.0","10.2","5.0","17.7","17.4","14.5","9.1","3.9","3.2","9.4","13.8","(X)","(X)"
"1400000US16027021903","Census Tract 219.03, Canyon County, Idaho","7283","511","676","178","218","121","2278","336","1529","234","1600","243","584","126","398","152","6996","496","6870","515","0","19","0","19","80","115","0","19","46","62","287","208","711","298","6316","507","5625","454","2634","266","2991","295","523","184","525","178","589","215","5407","462","374","124","1437","309","2266","411","1330","262","3.2","(X)","59.9","4.7","24.0","14.0","28.0","28.2","79.2","7.4","77.8","7.6","55.3","12.3","31.5","12.4","19.3","15.2","59.2","4.8","59.6","4.8","-","**","-","**","0.0","32.1","-","**","100.0","43.7","77.7","26.4","52.2","18.0","61.4","5.2","70.0","4.9","83.3","5.9","58.4","7.3","44.2","22.7","37.7","24.2","52.0","19.1","71.7","4.6","72.5","18.3","66.5","12.1","73.1","7.2","74.8","11.2","(X)","(X)","54.1","4.7","18.6","12.7","12.8","17.9","72.0","7.8","73.4","8.1","49.4","12.8","26.2","12.7","19.3","15.2","54.7","4.6","55.0","4.6","-","**","-","**","0.0","32.1","-","**","100.0","43.7","39.0","32.2","29.7","11.5","57.2","5.0","63.7","5.6","78.1","6.4","51.0","7.1","43.2","22.7","25.1","12.7","52.0","19.1","65.7","5.6","55.9","22.3","63.4","11.9","64.7","10.1","72.8","11.4","(X)","(X)","9.4","4.9","22.2","32.2","54.1","54.1","9.1","8.6","4.3","5.4","10.6","8.6","16.8","15.5","0.0","32.9","7.2","4.0","7.3","4.1","-","**","-","**","-","**","-","**","0.0","43.7","49.8","49.0","43.1","30.4","6.4","3.7","8.7","4.9","6.2","6.0","11.8","9.1","2.2","4.1","33.3","36.5","0.0","10.1","8.0","4.8","22.9","25.7","3.0","5.4","11.6","9.5","2.7","4.0","(X)","(X)"
"1400000US16027021904","Census Tract 219.04, Canyon County, Idaho","2275","293","287","123","70","59","844","148","391","111","359","103","190","64","134","63","2246","288","2182","284","0","12","29","26","13","15","0","12","22","18","29","31","729","221","1494","226","1664","238","829","138","835","121","189","81","407","110","232","106","1594","221","469","204","373","93","545","92","207","91","9.4","(X)","59.8","5.5","42.2","16.2","68.6","33.4","72.4","6.7","83.1","8.6","59.6","14.1","21.1","9.8","0.7","2.1","59.3","5.7","58.6","5.8","-","**","96.6","10.9","100.0","82.2","-","**","63.6","30.2","93.1","16.4","57.8","11.4","59.7","5.7","72.0","5.0","85.9","7.4","58.2","8.9","34.9","24.5","50.4","13.6","34.5","19.2","72.1","5.5","53.3","8.5","74.8","13.5","86.4","6.4","72.5","17.0","(X)","(X)","52.7","5.6","30.7","18.6","48.6","39.2","64.5","6.7","72.9","10.9","57.7","14.0","21.1","9.8","0.7","2.1","52.3","5.7","51.9","5.8","-","**","55.2","41.2","100.0","82.2","-","**","63.6","30.2","82.8","28.3","49.8","11.2","53.6","6.0","64.3","5.0","75.6","7.3","53.1","8.6","29.6","20.9","39.8","10.7","29.7","16.8","65.0","5.4","48.0","8.3","69.2","14.8","76.9","6.7","64.7","17.8","(X)","(X)","11.6","4.3","27.3","27.2","29.2","37.9","11.0","4.5","11.5","8.7","3.3","4.5","0.0","46.9","0.0","100.0","11.7","4.3","11.2","4.3","-","**","42.9","41.3","0.0","82.3","-","**","0.0","79.3","11.1","21.9","13.8","7.0","9.9","4.9","10.5","3.4","11.6","4.1","8.8","6.0","15.2","17.6","21.0","7.8","13.8","12.5","9.7","3.5","10.0","9.1","7.5","6.3","10.5","4.9","10.7","9.4","(X)","(X)"
"1400000US16027022100","Census Tract 221, Canyon County, Idaho","3437","280","257","106","264","116","992","143","695","158","555","149","376","68","298","75","3257","283","3169","277","6","11","0","12","13","15","41","75","28","25","180","112","585","178","2722","230","2506","253","1286","156","1220","132","253","69","477","160","391","110","2242","234","446","137","943","166","523","117","330","119","2.8","(X)","61.8","4.8","49.4","20.8","76.5","15.2","74.7","7.9","85.2","6.4","58.9","10.5","26.6","9.9","11.4","10.6","61.4","5.1","61.2","5.3","0.0","100.0","-","**","30.8","52.7","100.0","46.3","53.6","28.6","67.8","24.2","61.2","12.4","61.4","5.7","74.3","5.7","82.0","6.5","66.1","8.8","62.1","19.5","63.7","17.2","44.5","16.0","74.0","6.0","54.3","18.0","78.2","8.0","78.6","10.7","81.8","10.4","(X)","(X)","56.3","5.2","41.2","19.2","54.5","22.2","67.2","8.6","80.4","7.2","58.4","10.7","26.6","9.9","11.4","10.6","56.1","5.3","55.8","5.6","0.0","100.0","-","**","30.8","52.7","100.0","46.3","53.6","28.6","59.4","23.1","45.6","13.9","58.1","5.7","67.6","5.9","73.3","8.2","61.6","8.7","46.2","19.3","46.3","15.1","36.3","15.4","69.1","6.0","50.2","17.5","70.3","9.0","76.7","11.2","79.4","11.6","(X)","(X)","8.9","4.1","16.5","25.2","28.7","25.8","10.0","6.9","5.6","4.9","0.9","2.0","0.0","27.2","0.0","50.9","8.7","4.4","9.0","4.6","-","**","-","**","0.0","100.0","0.0","46.3","0.0","76.6","12.3","14.6","25.4","17.2","5.3","3.2","9.0","4.4","10.7","6.7","6.8","5.0","25.5","20.3","27.3","15.0","18.4","17.4","6.6","3.5","7.4","10.4","10.0","6.8","2.4","4.1","3.0","4.2","(X)","(X)"
"1400000US16027022200","Census Tract 222, Canyon County, Idaho","3621","344","310","93","162","70","1189","255","761","133","573","127","369","115","257","69","3574","348","3346","346","0","17","50","37","3","5","0","17","175","84","47","28","1026","221","2519","268","2685","299","1410","215","1275","116","249","69","392","121","377","94","2523","278","588","126","975","189","633","145","327","92","2.3","(X)","62.7","4.7","39.0","16.8","86.4","11.2","81.7","6.2","79.6","8.4","61.4","7.4","20.3","11.0","2.3","3.6","63.2","4.8","63.2","4.9","-","**","42.0","29.7","100.0","100.0","-","**","66.9","14.5","31.9","27.0","68.0","7.9","61.7","5.0","77.1","4.2","86.7","4.8","66.4","5.9","55.0","13.9","59.4","11.8","51.5","12.7","76.5","4.2","78.7","7.1","70.9","8.4","82.5","6.1","77.7","10.6","(X)","(X)","54.7","3.5","20.3","10.5","57.4","21.7","73.6","5.9","75.2","9.2","53.8","9.9","17.1","10.8","2.3","3.6","55.0","3.6","54.6","3.6","-","**","38.0","27.6","100.0","100.0","-","**","66.9","14.5","31.9","27.0","57.6","6.4","54.4","4.0","68.8","4.2","78.1","6.1","58.6","5.7","41.8","13.5","45.4","10.5","47.5","12.6","69.6","3.9","73.0","8.1","65.7","8.7","70.1","9.6","73.7","11.3","(X)","(X)","12.3","5.6","47.9","26.2","33.6","25.2","9.7","6.6","5.6","4.4","9.4","7.5","16.0","20.6","0.0","100.0","12.4","5.7","13.1","5.9","-","**","9.5","23.6","0.0","100.0","-","**","0.0","23.9","0.0","76.6","15.0","8.3","11.1","6.1","10.1","4.7","9.8","6.3","10.5","4.8","24.1","16.7","23.6","13.4","7.7","7.9","8.4","3.9","7.3","5.9","6.8","4.7","12.9","10.8","5.1","5.9","(X)","(X)"
"1400000US16027022300","Census Tract 223, Canyon County, Idaho","4595","324","343","112","262","116","1523","171","891","180","714","144","523","145","339","91","4489","330","4367","334","0","17","33","31","17","25","3","6","69","40","106","61","820","224","3660","336","3390","318","1797","219","1593","165","360","78","478","194","468","147","3128","283","472","155","948","211","1149","159","559","149","4.3","(X)","59.7","3.7","35.6","11.0","75.6","16.6","77.5","5.2","75.6","8.5","62.5","9.3","23.7","10.4","0.0","9.1","59.6","3.7","59.4","3.8","-","**","45.5","47.8","100.0","71.9","100.0","100.0","71.0","16.3","64.2","23.0","73.7","7.2","56.5","4.0","73.7","4.0","88.0","4.2","57.6","6.6","39.4","14.6","54.2","8.7","53.0","16.0","73.6","3.9","68.0","10.2","69.9","7.9","74.1","7.0","83.4","8.2","(X)","(X)","53.5","3.9","16.6","10.7","66.8","17.9","67.7","6.2","73.4","8.5","58.3","9.9","23.7","10.4","0.0","9.1","53.4","3.9","53.3","4.0","-","**","45.5","47.8","100.0","71.9","100.0","100.0","50.7","33.9","54.7","24.9","62.6","10.4","51.4","4.1","67.1","4.2","79.8","4.9","52.9","6.8","32.8","14.3","48.7","9.0","45.5","15.8","67.2","4.1","67.2","10.1","61.9","8.1","66.1","6.7","78.4","9.1","(X)","(X)","10.3","3.4","53.3","29.8","11.6","11.4","12.3","5.7","3.0","2.7","6.7","7.3","0.0","22.8","-","**","10.2","3.5","10.0","3.5","-","**","0.0","76.6","0.0","71.9","0.0","100.0","28.6","37.6","14.7","23.0","15.1","10.1","8.8","3.6","8.7","3.4","9.0","4.0","8.2","5.0","16.9","15.2","7.9","7.7","14.1","11.3","8.5","3.3","1.2","3.0","10.7","7.5","10.8","6.5","6.0","5.7","(X)","(X)"
"1400000US16027022400","Census Tract 224, Canyon County, Idaho","3280","297","213","95","47","41","992","196","643","147","815","151","375","99","195","76","3257","300","3238","299","0","12","0","12","5","10","0","12","14","24","23","24","326","204","2926","284","2497","211","1260","118","1237","158","204","90","201","105","290","111","2450","208","259","136","741","157","865","138","585","144","7.8","(X)","57.5","4.3","11.7","14.0","27.7","46.7","75.2","6.8","81.6","8.0","60.1","15.1","20.0","11.9","6.7","8.1","57.8","4.2","57.5","4.3","-","**","-","**","100.0","100.0","-","**","100.0","79.3","21.7","37.2","53.4","19.6","58.2","4.1","71.0","5.2","83.3","7.1","58.6","7.4","61.8","21.2","37.8","17.3","36.9","16.5","71.9","5.4","60.6","16.5","65.3","10.3","75.3","9.1","80.2","9.9","(X)","(X)","53.8","4.4","7.5","12.8","0.0","43.3","72.2","6.5","75.9","9.5","56.2","15.0","20.0","11.9","6.7","8.1","54.2","4.3","54.0","4.4","-","**","-","**","100.0","100.0","-","**","100.0","79.3","0.0","61.8","53.4","19.6","54.2","4.2","66.6","5.5","76.3","8.1","56.6","7.9","55.4","22.1","31.8","16.3","20.0","14.0","67.8","5.6","56.0","17.2","62.8","10.3","69.4","9.4","77.3","10.3","(X)","(X)","6.4","2.6","36.0","61.9","100.0","82.2","4.0","3.7","7.0","5.7","6.5","5.8","0.0","33.5","0.0","82.3","6.2","2.6","6.2","2.6","-","**","-","**","0.0","100.0","-","**","0.0","79.3","100.0","100.0","0.0","17.0","6.8","2.8","6.3","2.7","8.3","4.0","3.4","4.0","10.3","16.1","15.8","24.3","45.8","24.8","5.6","2.4","7.6","13.6","3.9","4.6","7.8","5.5","3.6","4.0","(X)","(X)"
"1400000US16075960100","Census Tract 9601, Payette County, Idaho","4411","279","231","104","559","217","1284","234","747","172","598","175","671","136","321","80","4339","279","4098","303","1","3","76","67","23","37","0","17","141","120","72","51","888","227","3423","297","3188","290","1517","192","1671","194","366","131","972","362","336","120","2629","262","566","173","861","234","864","160","338","126","3.9","(X)","57.2","4.9","38.1","23.4","70.7","18.3","71.0","11.8","68.9","12.2","80.4","11.5","18.0","11.8","4.4","6.7","57.5","4.8","55.7","5.2","0.0","100.0","77.6","27.3","52.2","11.0","-","**","99.3","2.6","44.4","41.7","66.9","11.2","54.9","5.7","72.2","5.1","79.3","8.2","65.8","6.9","45.6","23.9","55.6","13.4","45.5","19.8","72.5","6.4","72.3","16.4","77.4","9.6","72.6","9.7","60.7","22.0","(X)","(X)","46.4","4.9","19.5","15.8","34.7","13.3","59.9","13.4","64.9","11.6","76.9","11.8","12.1","8.8","4.4","6.7","46.8","4.9","44.7","4.9","0.0","100.0","77.6","27.3","52.2","11.0","-","**","90.8","17.1","23.6","24.1","43.0","13.2","47.2","5.6","59.8","6.3","66.9","9.0","53.4","8.5","36.3","20.7","34.7","9.6","42.0","19.7","65.2","6.5","60.2","18.3","68.5","9.5","71.2","9.7","49.7","21.8","(X)","(X)","18.9","6.1","48.9","47.6","50.9","20.2","15.6","9.4","5.8","7.3","4.4","6.4","33.1","32.8","0.0","79.3","18.5","6.1","19.7","6.4","-","**","0.0","38.6","0.0","85.6","-","**","8.6","16.8","46.9","34.0","35.7","15.6","14.1","5.5","17.1","6.1","15.6","6.6","18.7","9.5","20.4","23.6","37.6","14.0","7.8","13.6","10.1","4.9","16.6","15.4","11.4","9.3","1.9","3.5","18.0","18.8","(X)","(X)"
"1400000US16075960200","Census Tract 9602, Payette County, Idaho","2707","275","169","83","389","137","820","139","468","130","372","104","228","87","261","86","2549","256","2365","241","0","12","64","50","22","24","7","11","91","88","158","80","358","126","2127","229","2049","212","1026","136","1023","127","198","87","544","168","371","141","1660","196","352","107","614","130","546","152","148","87","4.1","(X)","62.6","5.5","52.7","27.2","85.9","10.0","73.9","9.5","83.1","7.6","48.9","16.2","32.0","16.7","8.0","7.0","62.4","5.2","61.0","5.5","-","**","70.3","41.6","72.7","54.7","100.0","100.0","87.9","22.5","65.8","23.5","80.7","12.2","58.4","5.6","73.7","6.1","78.8","7.9","68.6","8.8","67.7","16.3","63.1","11.8","42.0","21.2","70.9","6.6","73.0","14.6","66.3","10.7","71.6","12.4","82.4","18.8","(X)","(X)","52.6","5.9","40.8","25.1","58.1","16.0","59.4","12.2","81.0","7.7","45.4","15.1","32.0","16.7","8.0","7.0","53.0","5.4","51.2","5.7","-","**","70.3","41.6","72.7","54.7","100.0","100.0","79.1","22.0","45.6","31.1","65.6","16.4","49.3","6.0","61.5","6.9","62.6","8.8","60.5","9.3","52.5","19.4","39.7","14.4","31.8","17.6","62.3","7.9","68.5","15.0","56.7","13.2","59.3","15.6","82.4","18.8","(X)","(X)","14.5","4.5","22.5","23.2","32.3","16.1","15.7","8.2","2.6","4.3","7.1","8.9","0.0","34.1","0.0","64.7","13.4","4.5","14.3","4.9","-","**","0.0","44.2","0.0","74.1","0.0","100.0","10.0","13.7","30.8","28.5","10.0","10.0","15.6","6.0","15.0","5.0","17.8","6.7","11.8","7.3","22.4","21.5","37.0","17.1","24.4","22.2","9.9","4.7","6.2","7.2","14.5","10.8","10.7","8.9","0.0","23.1","(X)","(X)"
"1400000US16075960300","Census Tract 9603, Payette County, Idaho","5764","445","387","153","189","87","1756","209","1193","174","991","183","608","145","640","127","5596","452","5345","465","0","17","44","34","34","38","0","17","173","124","168","102","619","195","4938","462","4129","312","1961","209","2168","183","390","100","454","177","411","167","3940","290","353","143","1450","283","1398","258","739","175","5.8","(X)","64.1","4.3","60.7","18.5","89.9","15.2","82.2","6.8","86.3","6.8","64.8","12.8","24.2","13.1","4.2","4.9","64.5","4.3","63.7","4.4","-","**","68.2","42.9","61.8","56.0","-","**","90.8","16.4","49.4","23.7","69.3","13.4","63.6","4.6","79.6","4.5","84.0","6.3","75.6","6.6","70.8","17.1","70.3","15.6","44.8","21.4","79.1","4.6","67.4","19.3","84.3","7.8","77.0","7.7","78.2","8.1","(X)","(X)","59.0","4.3","50.6","19.8","74.1","21.3","78.4","7.3","78.3","8.2","60.2","13.5","21.5","12.5","4.2","4.9","60.1","4.4","59.3","4.6","-","**","68.2","42.9","61.8","56.0","-","**","81.5","14.4","24.4","16.2","55.7","13.3","60.2","4.6","73.8","4.4","77.2","6.5","70.8","6.8","65.1","17.8","51.3","18.5","38.4","23.3","73.8","4.4","61.5","18.8","77.7","8.9","71.3","8.0","76.9","8.2","(X)","(X)","7.6","2.9","16.6","18.2","17.6","19.9","4.6","4.1","8.0","6.3","7.0","7.0","10.9","18.0","0.0","57.1","6.6","2.8","6.5","2.8","-","**","0.0","54.1","0.0","64.7","-","**","10.2","11.1","50.6","44.8","19.6","11.8","4.9","2.8","6.8","2.9","7.3","4.6","6.3","4.3","8.0","12.3","27.0","17.6","7.1","16.2","6.2","2.8","8.8","12.9","6.8","5.0","7.4","5.7","1.7","3.2","(X)","(X)"
"1400000US16075960400","Census Tract 9604, Payette County, Idaho","3915","377","294","80","263","89","1285","211","688","158","611","123","523","111","251","62","3861","372","3807","379","0","17","32","30","22","23","0","17","0","17","54","39","173","97","3651","372","2847","313","1486","209","1361","162","302","86","274","121","507","193","2584","286","288","99","1020","213","849","178","427","95","9.4","(X)","62.3","4.4","48.3","16.8","81.0","11.3","81.6","5.8","75.9","8.1","66.4","8.5","18.4","9.4","4.4","4.9","62.1","4.4","61.7","4.4","-","**","93.8","16.6","90.9","19.0","-","**","-","**","74.1","27.8","84.4","12.0","60.8","4.6","76.9","4.4","79.7","6.3","73.9","5.6","73.5","14.3","65.0","15.6","50.1","13.5","76.5","4.4","64.9","14.6","78.6","6.8","77.5","9.3","77.3","10.1","(X)","(X)","56.3","4.4","26.9","12.3","61.6","17.1","78.6","6.4","71.4","8.1","60.4","8.7","16.4","8.6","3.2","4.5","56.1","4.5","55.6","4.4","-","**","93.8","16.6","90.9","19.0","-","**","-","**","74.1","27.8","80.3","14.4","54.5","4.6","71.4","4.7","72.1","6.2","70.6","6.5","73.5","14.3","56.2","15.4","37.3","12.3","72.4","4.2","59.4","15.9","73.0","7.1","74.7","9.7","74.9","10.7","(X)","(X)","9.6","4.0","44.4","25.4","23.9","15.7","3.7","3.8","5.9","4.6","9.1","6.6","10.4","15.1","27.3","44.2","9.8","4.1","10.0","4.1","-","**","0.0","54.1","0.0","66.3","-","**","-","**","0.0","46.9","4.8","6.8","10.2","4.3","7.2","3.1","9.5","4.4","4.5","3.4","0.0","13.6","13.5","14.1","25.6","16.8","5.4","2.8","8.6","9.4","7.1","5.2","3.6","3.3","3.0","4.7","(X)","(X)"
"1400000US16087970100","Census Tract 9701, Washington County, Idaho","1332","149","49","29","34","22","233","63","306","80","293","62","224","37","193","53","1306","143","1302","143","0","12","4","6","0","12","0","12","0","12","26","22","62","61","1240","131","866","126","450","94","416","63","48","21","124","50","131","48","832","122","119","60","315","67","267","73","131","46","5.2","(X)","53.0","5.3","59.2","35.8","85.3","14.1","82.4","6.3","75.2","10.5","56.0","10.0","21.0","8.5","7.8","5.9","53.3","5.3","53.1","5.3","-","**","100.0","100.0","-","**","-","**","-","**","38.5","31.2","93.5","20.1","51.1","5.0","71.0","5.8","76.0","7.3","65.6","8.0","43.8","20.8","47.6","20.9","34.4","17.7","70.4","5.9","59.7","23.1","67.0","9.6","80.5","8.4","67.9","15.4","(X)","(X)","48.5","5.1","36.7","21.1","73.5","23.2","69.1","9.5","73.2","11.4","54.3","10.4","19.6","7.8","7.8","5.9","49.5","5.2","49.3","5.2","-","**","100.0","100.0","-","**","-","**","-","**","0.0","58.2","93.5","20.1","47.1","4.8","65.7","6.2","73.1","7.8","57.7","8.7","31.3","20.9","34.7","14.0","29.0","18.1","65.4","6.3","57.1","23.6","61.3","9.5","73.8","9.7","65.6","15.9","(X)","(X)","8.5","3.1","37.9","26.4","13.8","22.6","16.1","10.0","2.6","3.4","3.0","3.6","6.4","7.6","0.0","76.6","7.2","3.0","7.2","3.0","-","**","0.0","100.0","-","**","-","**","-","**","100.0","93.8","0.0","38.9","7.9","3.2","7.5","3.3","3.8","3.1","12.1","6.4","28.6","36.1","27.1","19.2","15.6","20.2","7.2","3.6","4.2","7.1","8.5","7.7","8.4","7.1","3.4","6.3","(X)","(X)"
"1400000US16087970200","Census Tract 9702, Washington County, Idaho","2837","194","241","56","88","74","740","114","514","125","476","98","402","72","376","89","2789","190","2647","198","0","12","10","18","31","31","0","12","101","85","48","37","304","101","2444","183","1818","163","918","124","900","99","184","55","289","85","439","141","1730","149","373","119","511","121","592","137","254","92","4.7","(X)","47.3","5.2","31.5","15.5","29.5","39.8","69.7","12.7","73.3","10.5","59.5","11.7","15.9","8.3","0.0","8.3","47.8","5.1","48.8","5.1","-","**","0.0","93.8","12.9","27.6","-","**","36.6","37.0","16.7","23.1","59.5","18.7","47.0","5.3","66.1","7.2","81.3","9.4","50.7","9.7","34.2","23.2","30.8","17.2","36.4","12.7","68.0","7.1","53.9","19.0","72.8","10.6","69.4","9.9","75.6","13.9","(X)","(X)","41.6","5.3","16.6","11.2","29.5","39.8","65.4","12.9","61.1","12.5","53.2","11.2","15.9","8.3","0.0","8.3","42.1","5.3","42.8","5.4","-","**","0.0","93.8","12.9","27.6","-","**","36.6","37.0","16.7","23.1","46.7","16.4","42.0","5.5","59.2","7.2","71.0","9.6","47.2","10.4","34.2","23.2","27.0","16.3","33.7","11.1","60.8","6.9","45.3","17.8","65.0","12.5","60.5","9.1","75.6","13.9","(X)","(X)","11.3","4.9","47.4","26.8","0.0","58.2","6.2","6.2","14.4","11.6","10.6","9.0","0.0","37.0","-","**","11.4","4.9","11.8","5.0","-","**","-","**","0.0","100.0","-","**","0.0","48.8","0.0","100.0","21.5","15.9","9.8","4.6","9.6","5.0","11.4","7.0","6.8","7.1","0.0","37.3","12.4","20.6","7.5","10.8","9.9","5.1","15.9","15.7","10.8","10.0","10.7","8.8","0.0","15.5","(X)","(X)"
"1400000US16087970300","Census Tract 9703, Washington County, Idaho","3914","228","324","73","169","55","1256","154","582","136","771","92","468","73","344","88","3828","225","3511","261","0","17","14","23","68","29","0","17","235","145","86","51","779","117","2967","202","2778","191","1347","146","1431","110","321","93","345","141","336","104","2609","179","475","114","705","171","996","174","433","114","3.0","(X)","62.4","3.9","38.0","19.8","55.0","30.3","90.0","4.4","85.4","9.1","65.6","10.6","20.1","10.6","0.0","9.0","62.6","3.9","60.3","4.1","-","**","100.0","79.3","47.1","21.0","-","**","100.0","12.9","53.5","43.5","79.2","10.4","58.5","4.7","80.2","4.7","81.3","6.4","79.1","6.5","65.1","18.6","42.6","15.0","42.3","17.0","81.8","4.4","90.3","8.0","83.0","7.8","78.1","7.9","79.0","11.9","(X)","(X)","53.9","4.0","15.7","11.1","19.5","21.3","81.8","6.4","79.9","9.4","57.1","12.3","20.1","10.6","0.0","9.0","53.9","4.1","53.9","4.4","-","**","0.0","79.3","47.1","21.0","-","**","60.4","33.7","53.5","43.5","60.3","12.4","52.7","5.0","70.8","5.5","74.1","8.8","67.6","7.2","62.0","19.3","35.7","15.1","32.7","14.9","74.1","5.6","68.2","15.7","78.4","8.3","73.4","9.3","75.1","12.1","(X)","(X)","13.6","5.4","58.5","28.7","64.5","33.9","9.1","6.6","6.4","6.0","13.0","12.2","0.0","28.5","-","**","13.9","5.5","10.7","4.6","-","**","100.0","79.3","0.0","52.4","-","**","39.6","33.7","0.0","43.7","23.8","19.0","9.9","4.7","11.7","4.6","8.9","7.2","14.5","6.2","4.8","7.5","16.3","15.2","22.5","19.1","9.4","4.3","24.5","17.6","5.5","4.7","6.0","5.3","5.0","5.6","(X)","(X)"
"1400000US41045940000","Census Tract 9400, Malheur County, Oregon","0","12","0","12","0","12","0","12","0","12","0","12","0","12","0","12","0","12","0","12","0","12","0","12","0","12","0","12","0","12","0","12","0","12","0","12","0","12","0","12","0","12","0","12","0","12","0","12","0","12","0","12","0","12","0","12","0","12","-","(X)","-","**","-","**","-","**","-","**","-","**","-","**","-","**","-","**","-","**","-","**","-","**","-","**","-","**","-","**","-","**","-","**","-","**","-","**","-","**","-","**","-","**","-","**","-","**","-","**","-","**","-","**","-","**","-","**","-","**","(X)","(X)","-","**","-","**","-","**","-","**","-","**","-","**","-","**","-","**","-","**","-","**","-","**","-","**","-","**","-","**","-","**","-","**","-","**","-","**","-","**","-","**","-","**","-","**","-","**","-","**","-","**","-","**","-","**","-","**","-","**","(X)","(X)","-","**","-","**","-","**","-","**","-","**","-","**","-","**","-","**","-","**","-","**","-","**","-","**","-","**","-","**","-","**","-","**","-","**","-","**","-","**","-","**","-","**","-","**","-","**","-","**","-","**","-","**","-","**","-","**","-","**","(X)","(X)"
"1400000US41045970200","Census Tract 9702, Malheur County, Oregon","4075","292","203","67","256","91","1327","215","633","130","806","135","459","89","391","84","3851","314","3417","300","51","28","72","39","80","47","0","17","231","106","224","102","1058","237","2727","225","3022","273","1773","224","1249","150","189","93","384","141","307","87","2766","245","514","149","826","176","892","156","534","126","3.1","(X)","48.3","4.4","38.4","23.7","48.0","18.2","53.8","7.4","64.5","10.7","60.5","9.7","30.5","10.5","4.9","4.3","48.7","4.6","49.0","4.6","9.8","18.9","0.0","36.1","26.3","20.6","-","**","76.2","20.8","41.5","18.3","50.1","12.7","51.2","4.3","57.3","5.6","47.1","8.0","71.9","7.3","63.0","20.2","60.7","14.3","61.2","15.5","58.2","5.5","39.1","16.7","54.6","12.0","58.1","8.6","82.4","11.4","(X)","(X)","42.4","3.9","7.4","8.6","30.1","15.6","46.0","7.7","59.6","11.8","60.5","9.7","30.5","10.5","4.9","4.3","43.3","4.1","44.3","4.5","9.8","18.9","0.0","36.1","26.3","20.6","-","**","55.8","25.1","25.4","17.1","35.5","10.6","48.3","4.6","51.4","5.2","44.1","7.6","61.6","7.4","54.0","21.2","32.0","12.8","57.3","16.5","53.3","5.5","30.4","14.1","47.5","11.2","55.9","9.0","80.1","11.4","(X)","(X)","11.9","4.7","80.8","23.0","37.4","27.5","13.4","9.2","7.6","10.8","0.0","6.9","0.0","21.9","0.0","70.6","10.6","4.6","9.1","5.0","0.0","100.0","-","**","0.0","67.2","-","**","26.7","25.0","38.7","34.5","29.1","13.3","5.0","4.0","9.9","4.8","5.2","4.0","14.3","7.6","14.3","17.5","47.2","22.8","6.4","10.5","7.8","5.0","22.4","20.8","13.1","12.6","1.8","3.0","2.7","4.4","(X)","(X)"
"1400000US41045970300","Census Tract 9703, Malheur County, Oregon","3311","272","317","105","303","122","911","159","412","143","527","143","447","94","394","85","3180","269","2698","275","46","43","15","15","104","61","10","15","307","146","131","69","679","144","2420","247","2153","222","999","167","1154","130","210","76","437","157","324","141","1850","201","214","99","467","144","721","128","448","138","7.6","(X)","59.4","5.2","42.9","20.6","87.1","15.8","76.3","7.6","72.6","12.6","81.2","8.6","22.1","10.8","11.7","10.0","59.2","5.3","61.3","6.0","37.0","25.5","60.0","48.0","16.3","24.3","100.0","97.3","57.0","18.8","65.6","25.8","65.2","10.7","59.8","6.4","78.3","5.8","79.8","7.7","77.0","8.4","66.7","21.9","55.4","18.3","54.0","21.7","76.9","5.5","84.1","16.4","52.7","16.3","83.1","8.6","88.6","8.2","(X)","(X)","53.6","5.1","40.1","19.9","81.8","16.5","69.4","8.5","62.4","12.7","69.6","15.2","22.1","10.8","11.7","10.0","53.1","5.2","56.3","5.9","23.9","20.5","60.0","48.0","16.3","24.3","100.0","97.3","40.7","19.5","65.6","25.8","55.2","12.8","54.7","6.4","69.9","5.8","70.3","9.0","69.5","8.8","60.5","22.4","46.7","17.5","44.1","23.6","67.9","6.3","57.9","25.3","42.4","18.4","76.0","9.4","86.2","8.7","(X)","(X)","9.7","3.9","6.6","8.2","6.1","7.4","9.1","5.8","14.0","11.4","14.3","15.2","0.0","29.0","0.0","45.4","10.2","4.1","8.2","3.2","35.3","33.7","0.0","100.0","0.0","74.6","0.0","97.3","28.6","31.1","0.0","32.1","15.3","13.5","8.5","3.6","10.8","4.7","11.9","6.7","9.8","7.5","9.3","11.2","15.7","10.4","18.3","20.8","11.7","5.7","31.1","30.8","19.5","20.1","8.5","5.5","2.8","5.0","(X)","(X)"
"1400000US41045970400","Census Tract 9704, Malheur County, Oregon","3632","275","363","97","533","129","1229","223","542","126","443","117","247","84","275","72","3567","276","2973","325","32","52","58","57","24","23","3","5","477","231","65","45","1720","286","1834","225","2747","259","1391","196","1356","147","246","99","1280","243","581","168","2214","238","715","158","612","155","775","168","112","86","8.2","(X)","63.8","4.7","69.7","18.5","84.4","10.7","78.0","7.7","71.6","12.0","55.1","14.8","8.1","6.2","1.8","3.4","63.9","4.7","62.3","5.2","100.0","54.4","89.7","13.9","20.8","24.8","0.0","100.0","71.5","11.2","58.5","33.8","74.5","7.0","55.0","7.3","74.3","5.7","79.4","8.7","69.1","7.8","38.2","22.8","62.3","9.2","42.9","13.3","71.9","6.4","69.9","12.6","76.5","11.0","67.5","12.4","89.3","19.0","(X)","(X)","48.5","4.9","52.3","20.7","59.7","14.8","55.2","8.6","60.7","14.7","50.1","14.3","8.1","6.2","1.8","3.4","48.3","4.9","48.0","5.8","100.0","54.4","89.7","13.9","20.8","24.8","0.0","100.0","43.6","13.9","58.5","33.8","56.9","7.4","41.1","8.1","56.3","6.1","54.4","10.1","58.3","8.6","38.2","22.8","42.1","9.8","23.1","11.8","55.5","7.6","51.9","13.0","49.7","14.2","63.7","12.1","53.6","34.1","(X)","(X)","24.0","5.9","24.9","16.5","29.3","15.2","29.3","9.8","15.2","14.5","9.0","9.4","0.0","68.8","0.0","100.0","24.4","6.0","22.9","6.6","0.0","54.4","0.0","42.7","0.0","100.0","-","**","39.0","20.7","0.0","49.9","23.7","8.6","25.2","9.6","24.2","6.3","31.4","9.3","15.7","8.6","0.0","30.1","32.5","11.2","46.2","22.6","22.8","7.8","25.8","13.7","35.0","17.0","5.5","5.0","40.0","34.5","(X)","(X)"
"1400000US41045970500","Census Tract 9705, Malheur County, Oregon","3915","271","362","87","249","95","1389","216","620","103","520","116","373","80","402","73","3754","277","3213","273","31","32","18","26","45","30","0","17","447","166","161","78","1381","193","2463","248","2778","234","1422","178","1356","108","316","79","393","131","360","107","2529","228","603","161","727","121","991","177","208","82","6.3","(X)","64.5","4.3","48.9","15.3","78.3","13.3","85.5","6.3","81.9","8.1","67.5","8.9","24.1","10.2","4.0","4.3","63.7","4.3","61.9","5.0","80.6","23.7","100.0","72.5","35.6","23.4","-","**","76.7","10.0","83.2","12.8","72.1","8.0","60.9","5.8","80.7","4.3","86.6","4.9","74.6","6.6","71.8","17.9","67.4","13.5","55.3","13.5","80.9","4.6","69.0","9.8","82.1","6.8","84.6","6.7","94.2","8.0","(X)","(X)","54.3","4.1","31.2","14.8","70.3","15.0","70.4","8.1","72.6","8.7","60.2","10.1","24.1","10.2","1.7","2.7","54.3","4.3","52.6","4.9","38.7","45.3","100.0","72.5","35.6","23.4","-","**","67.6","9.9","54.0","23.8","59.5","7.5","51.8","5.8","69.0","4.5","72.9","6.6","64.9","7.2","68.0","18.3","58.3","12.2","46.9","12.0","68.8","5.0","58.4","11.9","70.4","9.3","70.0","8.2","88.0","10.0","(X)","(X)","15.8","4.1","36.2","20.8","10.3","9.4","17.7","7.5","11.4","6.9","10.8","9.1","0.0","31.1","56.3","56.3","14.7","4.2","15.0","4.7","52.0","50.1","0.0","72.5","0.0","76.9","-","**","12.0","9.2","35.1","25.4","17.5","5.2","15.0","6.2","14.5","4.4","15.8","5.7","13.0","7.0","5.3","7.0","13.6","11.9","15.1","11.1","14.9","4.8","15.4","10.5","14.2","8.3","17.2","9.0","6.6","8.5","(X)","(X)"
"1400000US41045970600","Census Tract 9706, Malheur County, Oregon","3027","269","219","79","245","112","915","185","521","111","403","87","368","80","356","84","2983","260","2828","263","8","12","13","16","44","44","0","12","90","69","44","41","506","155","2463","239","2084","221","1061","147","1023","115","288","81","369","107","194","74","1839","225","241","101","451","116","889","145","258","91","3.6","(X)","57.8","4.6","41.1","15.0","87.3","12.0","75.2","6.4","84.1","8.3","58.8","11.5","16.0","6.7","7.0","5.6","57.8","4.7","58.1","4.8","25.0","75.0","7.7","21.1","4.5","11.2","-","**","83.3","21.9","63.6","33.2","73.1","11.5","55.1","5.4","75.7","4.7","77.2","6.0","74.1","8.2","76.7","13.2","77.2","10.9","43.3","13.6","74.1","5.2","61.0","15.2","74.1","9.5","72.0","6.9","93.8","5.7","(X)","(X)","52.7","4.4","38.4","15.3","65.7","22.3","68.5","6.7","82.3","8.5","56.1","11.5","12.0","6.2","7.0","5.6","52.9","4.4","53.0","4.6","12.5","87.5","7.7","21.1","4.5","11.2","-","**","83.3","21.9","43.2","23.8","69.0","13.5","50.1","5.1","69.2","4.4","74.7","6.2","63.5","7.5","62.5","16.4","53.7","9.7","29.4","12.1","69.7","4.7","53.1","15.6","70.3","10.2","67.5","7.3","91.9","7.0","(X)","(X)","8.9","3.0","6.7","9.8","24.8","20.3","8.9","5.9","2.1","1.9","4.6","4.9","25.4","25.3","0.0","61.6","8.5","3.0","8.8","3.0","50.0","50.0","0.0","100.0","0.0","100.0","-","**","0.0","35.2","32.1","31.8","5.7","7.3","9.1","3.7","8.5","3.2","3.2","3.1","14.2","6.1","18.6","16.5","30.5","13.2","32.1","21.7","5.9","3.0","12.9","13.5","5.1","5.8","6.3","6.2","2.1","3.9","(X)","(X)"
"1400000US41045970700","Census Tract 9707, Malheur County, Oregon","1235","122","57","25","108","63","297","62","233","58","237","48","175","39","128","30","1219","123","1180","123","0","12","2","3","19","14","5","7","13","14","16","13","116","62","1081","126","875","108","476","73","399","55","57","19","31","16","68","24","767","96","62","28","188","50","368","50","149","40","7.3","(X)","62.0","4.6","33.3","17.5","95.4","7.3","84.8","7.4","87.6","7.0","65.8","9.4","14.3","6.5","5.5","5.3","62.4","4.6","62.8","4.8","-","**","100.0","100.0","15.8","21.5","40.0","60.0","100.0","85.4","31.3","26.4","68.1","13.1","62.4","4.9","81.7","4.5","89.9","5.2","71.9","7.1","66.7","21.9","32.3","22.3","63.2","18.2","79.8","4.9","85.5","12.5","78.7","10.4","77.2","7.1","85.2","9.1","(X)","(X)","58.4","4.5","22.8","16.8","76.9","23.5","81.8","8.6","84.1","8.0","65.0","9.3","14.3","6.5","5.5","5.3","58.7","4.5","59.0","4.8","-","**","100.0","100.0","15.8","21.5","40.0","60.0","100.0","85.4","31.3","26.4","68.1","13.1","58.3","4.9","77.3","4.9","83.2","7.0","70.2","7.2","66.7","21.9","32.3","22.3","57.4","20.0","77.3","5.1","82.3","14.0","77.1","10.5","73.6","7.6","84.6","9.6","(X)","(X)","5.9","3.3","31.6","39.1","19.4","21.9","3.6","4.4","3.9","3.4","1.3","2.1","0.0","61.6","0.0","100.0","5.9","3.3","6.1","3.4","-","**","0.0","100.0","0.0","100.0","0.0","100.0","0.0","85.4","0.0","100.0","0.0","34.0","6.7","3.7","5.5","3.3","7.5","5.3","2.4","2.1","0.0","49.9","0.0","97.3","9.3","12.6","3.1","2.1","3.8","6.0","2.0","2.8","4.6","4.1","0.8","2.1","(X)","(X)"
"1400000US41045970900","Census Tract 9709, Malheur County, Oregon","4761","298","196","61","416","109","1886","165","999","153","598","104","447","71","219","51","4447","255","4141","260","191","60","38","24","26","14","3","5","48","30","314","104","765","170","3447","214","3899","293","3131","277","768","75","141","47","804","401","345","149","3483","260","593","137","1194","191","1360","182","336","84","2.5","(X)","30.4","3.2","31.6","15.0","29.1","13.8","25.6","5.0","38.5","8.7","50.0","8.7","19.2","6.5","4.6","3.3","32.0","3.3","33.0","3.6","0.0","16.7","13.2","18.9","53.8","27.5","100.0","100.0","77.1","33.8","6.4","5.8","27.2","8.5","34.7","3.7","33.0","4.0","24.0","3.9","69.7","6.2","67.4","14.9","15.9","9.9","25.2","14.0","33.5","4.2","18.9","7.7","28.8","7.2","37.4","6.2","59.8","12.7","(X)","(X)","29.0","3.2","25.5","13.7","28.1","13.5","23.7","4.7","37.7","8.6","49.7","8.6","18.6","6.3","4.1","3.2","30.6","3.3","31.7","3.6","0.0","16.7","10.5","15.5","42.3","25.6","100.0","100.0","58.3","25.6","6.4","5.8","25.8","8.3","33.3","3.8","31.8","3.9","23.1","3.8","67.2","6.5","66.0","15.3","14.8","9.0","23.2","12.8","32.2","4.1","18.9","7.7","26.4","6.5","36.3","6.0","59.8","12.7","(X)","(X)","4.5","2.3","19.4","18.1","3.3","4.2","7.3","5.2","2.1","1.7","0.7","1.2","3.5","6.5","10.0","18.4","4.6","2.3","3.8","2.2","-","**","20.0","54.7","21.4","37.1","0.0","100.0","24.3","26.4","0.0","68.8","5.3","5.8","4.2","2.3","3.8","2.3","4.0","3.2","3.6","2.6","2.1","3.1","7.0","6.3","8.0","12.3","3.9","2.4","0.0","26.3","8.4","6.0","3.1","2.5","0.0","15.9","(X)","(X)"
